146669 51540 341387 340200
499 1000 2764 2070
235117 240699 277033 275968
23159 221388 980051 978072
19373 26639 28667 28296
16097 64858 115411 114400
71527 44486 114707 114000
211177 398465 683029 681376
401 333 6697 6480
10289 1789 22471 21472
10861 8888 26753 25860
71317 118916 168139 167256
72719 59613 77107 76096
145771 56379 177017 176016
49697 52080 55123 54648
80989 130324 148069 147244
1 157 194 96
118717 153370 290753 289668
2357 7200 11573 11340
330731 15599 368131 366912
33967 250929 703687 702000
14207 15955 29219 28680
48119 85084 121769 121044
38693 364444 751313 749568
29633 270836 360301 359100
126703 185568 328613 327360
209801 148954 320171 318912
95911 51594 171839 170856
433 470 1167 776
2129 668 2951 2712
173189 179026 248363 247248
33911 99455 110911 110152
9629 86243 131653 130720
149 121 849 564
38053 19297 170033 168960
222967 156186 389327 388080
29761 15589 45209 44304
647417 376892 754499 752760
19237 41603 54683 54168
368107 459404 766693 764928
211093 102948 342787 341496
82787 81625 137629 136800
80447 189281 221057 220116
74317 21722 99647 99000
2297 3582 3679 3384
3541 2552 9313 9108
5519 4459 18829 17820
191047 138460 364519 363280
14009 210714 244591 243432
7 462 634 316
