29851 35133 131147 130416
108761 95976 230509 229504
229 57 553 468
17509 19892 49729 49284
11447 10914 14701 14400
449249 647 480239 478824
38711 64927 77827 77256
117269 79237 137023 136240
223 324 2215 1768
173 105 958 478
77047 78012 94807 93856
405221 418330 447539 446160
9803 254803 272551 271504
10039 14745 42733 42300
246793 421819 455963 454608
176299 147738 227119 226144
100151 46070 146831 146064
947 4095 6467 6216
337 412 445 352
51257 14145 268393 267220
67043 85531 256961 255792
118213 84994 194321 193392
23473 86831 87757 86940
107 269 1052 786
73847 8806 308963 307848
3079 3321 4435 3544
47119 72132 80131 79552
499 237 1513 1408
343891 509092 617621 616044
1297 2471 29111 28392
4957 17338 360011 358800
100537 113045 168437 167616
7507 6266 9757 8860
121439 29638 189667 188640
5717 1968 11293 10780
332039 611774 615149 613536
92219 144580 148607 147576
147761 33251 266107 264880
53783 184715 238933 237888
4889 16260 18323 18000
