7669 10643 10681 9700
5689 5394 6937 5940
85193 71540 110683 109800
14323 72869 147247 146376
126107 17364 147941 147084
7433 500375 529783 528280
23869 2813 36139 35560
124699 330532 530263 528768
46523 47013 49769 49296
72533 27155 119579 118776
212683 16321 355387 354160
88499 179662 324409 323200
80557 84536 376151 374904
317717 427268 502357 500940
883 364 1623 1080
283 270 1761 1172
18457 11487 27451 27072
314401 167645 389327 388080
35401 10622 182543 181608
113947 21632 198103 197208
81839 198943 348977 347760
89849 65148 174341 173472
62639 445423 706873 705168
119551 146060 648749 647136
122173 174858 222721 221652
479 39670 138443 137448
17 22241 44903 44280
17333 13590 42431 42000
89797 58858 94481 93492
113969 83768 119479 118584
452533 546619 605063 603480
21407 19315 22513 21988
218627 1978 237793 236800
7681 575 12811 12232
60703 488084 584533 582988
84869 79018 102133 101088
30259 51063 59161 58212
21613 204917 396089 394740
9689 553 29797 29356
9043 3337 22357 21996
22769 59529 100951 100152
42181 83764 90751 90000
75869 155822 282803 281688
336223 136033 350491 349272
61 2437 3601 3312
87383 23385 162991 162184
677 995 1137 756
2393 1094 12053 11328
44777 2479 670661 669024
35159 88601 169451 168504
