0.005086994 14 
0.005087038 32 
0.005087128 2 
0.005087146 21 
0.005087164 1 
0.005087196 13 
0.005087221 43 
0.005087224 0 
0.005087256 40 
0.005087274 19 
0.005087288 18 
0.005087306 26 
0.005087317 37 
0.005087334 50 
0.005087334 16 
0.005087345 22 
0.005087365 12 
0.005087374 17 
0.005087377 43 
0.005087385 2 
0.005087397 39 
0.005087402 37 
0.005087404 21 
0.005087427 8 
0.005087428 10 
0.005087458 17 
0.005087485 46 
0.005087488 22 
0.005087506 24 
0.005087514 52 
0.005087539 1 
0.005087540 23 
0.005087544 11 
0.005087554 19 
0.005087561 5 
0.005087569 13 
0.005087583 40 
0.005087586 0 
0.005087608 44 
0.005087635 49 
0.005087654 31 
0.005087668 45 
0.005087678 28 
0.005087697 12 
0.005087705 7 
0.005087722 38 
0.005087739 45 
0.005087739 30 
0.005087743 25 
0.005087772 9 
0.005087792 41 
0.005087806 0 
0.005087818 13 
0.005087827 1 
0.005087865 2 
0.005087868 24 
0.005087895 21 
0.005087906 19 
0.005087932 43 
0.005087934 40 
0.005088019 31 
0.005088035 17 
0.005088055 7 
0.005088104 37 
0.005088180 22 
0.005934994 14 
0.005935038 32 
0.005935288 18 
0.005935306 26 
0.005935334 50 
0.005935334 16 
0.005935397 39 
0.005935427 8 
0.005935428 10 
0.005935485 46 
0.005935514 52 
0.005935540 23 
0.005935544 11 
0.005935561 5 
0.005935635 49 
0.005935739 30 
0.005935756 36 
0.005935763 25 
0.005935772 9 
0.005935806 0 
0.005935818 13 
0.005935827 1 
0.005935865 2 
0.005935895 21 
0.005935906 19 
0.005935925 12 
0.005935932 43 
0.005935934 40 
0.007288870 0 
0.007288944 24 
0.007289014 49 
0.007289032 21 
0.007289036 3 
0.007289042 27 
0.007289070 46 
0.007289070 11 
0.007289105 7 
0.007289131 1 
0.007289175 13 
0.007289182 25 
0.007289325 9 
0.007289408 53 
0.007289456 29 
0.007289622 31 
0.008136870 0 
0.008136944 24 
0.008137014 49 
0.008137032 21 
0.008137036 3 
0.008137042 27 
0.008137070 46 
0.008137070 11 
0.008137105 7 
0.008137131 1 
0.008137175 13 
0.008137182 25 
0.008137227 34 
0.012186376 21 
0.012186377 27 
0.012186391 3 
0.012186428 39 
0.012186434 46 
0.012186493 18 
0.012186550 2 
0.012186613 0 
0.012186662 43 
0.012186687 49 
0.012186731 22 
0.012186749 25 
0.012186755 14 
0.012186763 33 
0.012186797 11 
0.012186840 37 
0.012186890 15 
0.012186897 10 
0.012186904 32 
0.012187053 30 
0.013034376 21 
0.013034377 27 
0.013034391 3 
0.013034428 39 
0.013034434 46 
0.013034493 18 
0.013034550 2 
0.013034553 23 
0.013034588 35 
0.013034613 0 
0.013034662 43 
0.013034675 47 
0.013034687 49 
0.013034731 22 
0.013034739 16 
0.013034749 25 
0.013034755 14 
0.013034763 33 
0.013034797 11 
0.013034840 37 
0.013034853 8 
0.013034856 51 
0.013034890 15 
0.013034897 10 
0.013034904 32 
0.016822970 39 
0.016822978 13 
0.016823044 1 
0.016823059 46 
0.016823097 3 
0.016823223 21 
0.016823223 11 
0.016823283 30 
0.016823328 36 
0.016823356 10 
0.016823467 27 
0.016823712 42 
0.016823719 33 
0.017670970 39 
0.017670978 13 
0.017671044 1 
0.017671059 46 
0.017671097 3 
0.017671223 21 
0.017671223 11 
0.017671283 30 
0.017671305 5 
0.017671356 10 
0.018106010 17 
0.018106091 12 
0.018106319 19 
0.018106328 7 
0.018106352 15 
0.018106366 37 
0.018106368 29 
0.018106421 4 
0.018106427 24 
0.018106438 22 
0.018106442 28 
0.018106447 53 
0.018106487 9 
0.018106502 43 
0.018106540 34 
0.018106573 32 
0.018106599 0 
0.018106615 6 
0.018106621 20 
0.018106624 14 
0.018106654 25 
0.018106657 49 
0.018106676 2 
0.018106700 33 
0.018106704 21 
0.018106712 10 
0.018106746 27 
0.018106751 42 
0.018106766 11 
0.018106817 3 
0.018106827 46 
0.018106912 39 
0.018954010 17 
0.018954091 12 
0.018954319 19 
0.018954328 7 
0.018954352 15 
0.018954366 37 
0.018954368 29 
0.018954421 4 
0.018954427 24 
0.018954438 22 
0.018954442 28 
0.018954447 53 
0.018954487 9 
0.018954502 43 
0.018954540 34 
0.018954573 32 
0.018954599 0 
0.018954615 6 
0.018954621 20 
0.018954624 14 
0.018954654 25 
0.018954657 49 
0.018954676 2 
0.018954700 33 
0.018954704 21 
0.018954712 10 
0.018954746 27 
0.018954751 42 
0.019389397 13 
0.019389426 35 
0.019389458 18 
0.019389484 26 
0.019389511 23 
0.019389512 1 
0.019389517 39 
0.019389524 47 
0.019389596 46 
0.019389607 3 
0.019389643 51 
0.019389750 16 
0.019389819 52 
0.019389829 8 
0.019389993 27 
0.019389999 43 
0.019390030 30 
0.019390060 36 
0.019390066 22 
0.019390103 5 
0.019390146 14 
0.019390162 33 
0.019390180 37 
0.019390218 15 
0.019390292 32 
0.019390491 45 
0.019390555 17 
0.019390561 12 
0.020237397 13 
0.020237426 35 
0.020237458 18 
0.020237484 26 
0.020237511 23 
0.020237512 1 
0.020237517 39 
0.020237524 47 
0.020237596 46 
0.020237607 3 
0.020237643 51 
0.020237692 31 
0.020237741 48 
0.020237750 16 
0.020237819 52 
0.020237829 8 
0.020237842 40 
0.020237991 38 
0.020237993 27 
0.020237999 43 
0.020238030 30 
0.020238042 41 
0.020672296 37 
0.020672303 52 
0.020672369 24 
0.020672377 22 
0.020672380 16 
0.020672408 7 
0.020672446 43 
0.020672472 30 
0.020672547 48 
0.020672557 51 
0.020672557 44 
0.020672561 32 
0.020672566 14 
0.020672573 23 
0.020672584 28 
0.020672600 47 
0.020672646 33 
0.020672661 11 
0.020672664 0 
0.020672667 27 
0.020672697 35 
0.020672777 6 
0.020672780 10 
0.020672827 19 
0.020672869 9 
0.020672963 34 
0.020672970 11 
0.020672984 34 
0.020672992 10 
0.020673043 6 
0.020673079 9 
0.020673097 40 
0.020673168 42 
0.020673215 53 
0.020673222 35 
0.020673296 29 
0.020673375 31 
0.020673380 4 
0.021520296 37 
0.021520303 52 
0.021520369 24 
0.021520377 22 
0.021520380 16 
0.021520408 7 
0.021520446 43 
0.021520472 30 
0.021520547 48 
0.021520557 51 
0.021520557 44 
0.021520561 32 
0.021520566 14 
0.021520573 23 
0.021520577 45 
0.021520584 28 
0.021520600 47 
0.021520646 33 
0.021520664 0 
0.021520667 27 
0.021520679 17 
0.021520737 12 
0.021520827 19 
0.021520970 11 
0.021520992 10 
0.021521043 6 
0.021955523 37 
0.021955568 7 
0.021955649 43 
0.021955788 28 
0.021955792 32 
0.021955794 14 
0.021955812 44 
0.021955836 0 
0.021955853 45 
0.021955869 25 
0.021955874 33 
0.021955894 27 
0.021955912 21 
0.021955946 49 
0.021955953 17 
0.021956009 12 
0.021956013 3 
0.021956036 2 
0.021956039 46 
0.021956092 9 
0.021956102 19 
0.021956127 11 
0.021956128 39 
0.021956135 1 
0.021956173 10 
0.021956173 34 
0.021956182 29 
0.021956219 53 
0.021956241 18 
0.021956254 6 
0.021956257 13 
0.021956270 4 
0.021956311 40 
0.021956315 20 
0.022803523 37 
0.022803568 7 
0.022803649 43 
0.022803788 28 
0.022803792 32 
0.022803794 14 
0.022803812 44 
0.022803836 0 
0.022803853 45 
0.022803869 25 
0.022803874 33 
0.022803894 27 
0.022803912 21 
0.022803946 49 
0.022803953 17 
0.022804009 12 
0.022804013 3 
0.022804036 2 
0.022804039 46 
0.022804092 9 
0.022804102 19 
0.022804127 11 
0.022804128 39 
0.022804135 1 
0.022804173 10 
0.022804173 34 
0.023259378 46 
0.023259395 3 
0.023259569 6 
0.023259851 7 
0.023259900 15 
0.024107327 30 
0.024107330 2 
0.024107344 11 
0.024107397 21 
0.024107400 49 
0.024107485 0 
0.024107492 25 
0.024562457 25 
0.024562565 28 
0.024562611 3 
0.024562613 0 
0.024562670 46 
0.024562724 21 
0.024562740 39 
0.024562761 49 
0.024562840 1 
0.024562857 18 
0.024562901 50 
0.024562914 13 
0.024562999 35 
0.024563051 9 
0.024563129 29 
0.024563139 19 
0.024563171 53 
0.025410326 43 
0.025410337 22 
0.025410342 37 
0.025410457 25 
0.025410458 7 
0.025410540 15 
0.025410565 28 
0.025410611 3 
0.025410613 0 
0.025410670 46 
0.025410724 21 
0.025410740 39 
0.025410754 26 
0.025410757 44 
0.025410759 45 
0.025410761 49 
0.025845723 38 
0.025845757 52 
0.025845769 41 
0.025845833 16 
0.025845855 23 
0.025846053 47 
0.025846114 30 
0.025846137 13 
0.025846142 46 
0.025846150 35 
0.025846160 11 
0.025846189 3 
0.025846192 1 
0.025846209 2 
0.025846217 21 
0.025846222 18 
0.025846233 49 
0.025846278 28 
0.025846292 21 
0.025846313 39 
0.025846323 0 
0.025846349 6 
0.025846362 50 
0.025846365 46 
0.025846427 3 
0.025846551 40 
0.025846574 42 
0.025846911 12 
0.026693723 38 
0.026693757 52 
0.026693769 41 
0.026693833 16 
0.026693855 23 
0.026694053 47 
0.026694114 30 
0.026694137 13 
0.026694150 35 
0.026694160 11 
0.026694192 1 
0.026694209 2 
0.026694222 18 
0.026694292 21 
0.026694300 49 
0.026694313 39 
0.027128560 1 
0.027128572 46 
0.027128572 28 
0.027128615 3 
0.027128615 39 
0.027128664 52 
0.027128666 11 
0.027128668 23 
0.027128670 48 
0.027128670 18 
0.027128716 30 
0.027128731 16 
0.027128735 51 
0.027128758 5 
0.027128800 5 
0.027128807 28 
0.027128807 16 
0.027128824 34 
0.027128828 3 
0.027128842 10 
0.027128856 43 
0.027128867 52 
0.027128873 34 
0.027128878 23 
0.027128883 19 
0.027128888 46 
0.027128892 42 
0.027128904 0 
0.027128911 37 
0.027128918 53 
0.027128926 22 
0.027128952 5 
0.027128958 16 
0.027128958 39 
0.027128960 52 
0.027128971 30 
0.027128977 53 
0.027129008 22 
0.027129013 51 
0.027129019 23 
0.027129030 19 
0.027129053 44 
0.027129056 24 
0.027129063 1 
0.027129066 4 
0.027129071 24 
0.027129076 18 
0.027129078 43 
0.027129080 15 
0.027129080 15 
0.027129090 18 
0.027129098 1 
0.027129107 18 
0.027129114 44 
0.027129129 17 
0.027129149 32 
0.027129149 34 
0.027129161 50 
0.027129172 26 
0.027129176 14 
0.027129200 44 
0.027129209 45 
0.027129209 45 
0.027129220 27 
0.027129247 51 
0.027129256 33 
0.027129276 44 
0.027129280 15 
0.027129309 0 
0.027129311 44 
0.027129312 17 
0.027129320 31 
0.027129322 30 
0.027129340 17 
0.027129376 15 
0.027129436 16 
0.027129485 30 
0.027129490 23 
0.027129499 17 
0.027129501 0 
0.027129513 52 
0.027129531 5 
0.027129567 0 
0.027129582 31 
0.027129638 1 
0.027129643 1 
0.027129686 16 
0.027129690 5 
0.027129705 18 
0.027129849 30 
0.027976666 11 
0.027976670 48 
0.027976807 28 
0.027976828 3 
0.027976842 10 
0.027976888 46 
0.027976892 42 
0.027976911 37 
0.027976958 39 
0.027976977 53 
0.027977008 22 
0.027977030 19 
0.027977066 4 
0.027977071 24 
0.027977078 43 
0.027977090 40 
0.027977149 34 
0.027977161 50 
0.027977164 32 
0.027977176 14 
0.027977180 26 
0.027977209 45 
0.027977256 33 
0.027977311 44 
0.027977326 27 
0.027977376 15 
0.027977567 0 
0.028412076 14 
0.028412131 33 
0.028412167 37 
0.028412169 0 
0.028412181 7 
0.028412225 49 
0.028412237 25 
0.028412296 21 
0.028412419 25 
0.028412435 11 
0.028412492 15 
0.028412520 40 
0.028412551 45 
0.028412570 44 
0.028412573 15 
0.028412653 6 
0.028412658 17 
0.028412669 40 
0.028412675 30 
0.028412683 44 
0.028412702 49 
0.028412709 34 
0.028412726 12 
0.028412756 50 
0.028412776 21 
0.028412836 45 
0.028412878 9 
0.028412895 17 
0.028412911 25 
0.028412911 12 
0.028412916 11 
0.028412921 29 
0.028412922 5 
0.028413007 8 
0.028413011 36 
0.028413070 38 
0.028413171 51 
0.028413215 49 
0.028413256 48 
0.028413273 21 
0.028413322 51 
0.028413347 23 
0.028413508 15 
0.028413628 44 
0.029260076 14 
0.029260131 33 
0.029260167 37 
0.029260169 0 
0.029260181 7 
0.029260669 40 
0.029260756 50 
0.029260911 25 
0.029695310 25 
0.029695342 50 
0.029695405 43 
0.029695464 22 
0.029695576 37 
0.029695619 14 
0.029695662 33 
0.029695708 31 
0.029695727 24 
0.029695743 51 
0.029695748 32 
0.029695760 15 
0.029695840 48 
0.029695845 27 
0.029695846 44 
0.029696078 34 
0.029696094 6 
0.029696121 5 
0.029696241 53 
0.029696294 19 
0.029696328 30 
0.029696337 29 
0.029696378 11 
0.029696396 4 
0.029696426 21 
0.029696432 7 
0.029696455 37 
0.029696512 22 
0.029696570 43 
0.029696636 21 
0.029696659 24 
0.029696677 32 
0.029696692 11 
0.029696702 16 
0.029696703 52 
0.029696721 14 
0.029696721 23 
0.029696798 33 
0.029696847 22 
0.029696859 43 
0.029696877 37 
0.029697133 24 
0.029697158 32 
0.029697248 8 
0.029697255 36 
0.030543310 25 
0.030543342 50 
0.030543708 31 
0.030543934 17 
0.030544037 10 
0.030544037 45 
0.030544041 9 
0.030544045 20 
0.030544081 34 
0.030544090 44 
0.030544094 6 
0.030544192 15 
0.030544241 53 
0.030544294 19 
0.030544328 30 
0.030544337 29 
0.030544396 4 
0.030544432 7 
0.030544515 5 
0.030544636 21 
0.033755006 11 
0.033755034 21 
0.033755080 37 
0.033755100 15 
0.033755151 44 
0.033755247 30 
0.033755279 6 
0.033755302 45 
0.033755407 42 
0.033755415 16 
0.033755441 52 
0.033755682 51 
0.034603006 11 
0.034603034 21 
0.034603080 37 
0.034603100 15 
0.034603151 44 
0.034603247 30 
0.034603254 7 
0.034603279 6 
0.034603302 45 
0.034603308 32 
0.034603407 42 
0.034603418 24 
0.035038148 40 
0.035038242 28 
0.035038342 25 
0.035038401 3 
0.035038404 39 
0.035038421 18 
0.035038435 46 
0.035038514 1 
0.035038693 49 
0.035038712 2 
0.035038846 11 
0.035038946 21 
0.035039241 34 
0.035886148 40 
0.035886234 50 
0.035886242 28 
0.035886342 25 
0.035886401 3 
0.035886404 39 
0.035886421 18 
0.035886435 46 
0.035886446 35 
0.035886514 1 
0.035886544 47 
0.035886649 51 
0.036321156 32 
0.036321177 33 
0.036321229 14 
0.036321328 7 
0.036321441 25 
0.036321594 21 
0.036321610 11 
0.036321637 34 
0.036321640 40 
0.036321672 15 
0.036321681 35 
0.036321707 1 
0.036321710 2 
0.036321744 18 
0.036321772 12 
0.036321772 45 
0.036321802 49 
0.036321826 44 
0.036321830 39 
0.036321841 17 
0.036321895 50 
0.036321923 28 
0.036321935 26 
0.036321939 6 
0.036321949 49 
0.036321956 39 
0.036322005 21 
0.036322038 2 
0.036322056 1 
0.036322073 18 
0.036322089 11 
0.037169156 32 
0.037169177 33 
0.037169229 14 
0.037169328 7 
0.037169441 25 
0.037169584 47 
0.037169606 20 
0.037169620 10 
0.037169637 34 
0.037169640 40 
0.037169657 9 
0.037169672 15 
0.037169681 35 
0.037169772 12 
0.037169777 42 
0.037169826 44 
0.037169841 17 
0.037169919 45 
0.037169939 6 
0.037170005 21 
0.037170089 11 
0.037170132 49 
0.037170152 2 
0.037604792 50 
0.037604854 39 
0.037604870 18 
0.037604893 3 
0.037604904 46 
0.037604937 35 
0.037604959 51 
0.037605028 47 
0.037605127 0 
0.037605148 25 
0.037605179 40 
0.037605180 38 
0.037605185 13 
0.037605193 41 
0.037605194 31 
0.037605196 47 
0.037605199 52 
0.037605202 16 
0.037605241 35 
0.037605244 16 
0.037605258 43 
0.037605326 22 
0.037605336 36 
0.037605345 8 
0.037605402 23 
0.037605439 37 
0.037605458 30 
0.037605470 5 
0.037605471 21 
0.037605578 5 
0.037605601 23 
0.037605609 6 
0.037605638 44 
0.037605645 15 
0.037605706 34 
0.037605768 31 
0.037606008 40 
0.037606214 37 
0.038452792 50 
0.038452854 39 
0.038452870 18 
0.038452893 3 
0.038452904 46 
0.038452959 51 
0.038453127 0 
0.038453148 25 
0.038453180 38 
0.038453185 13 
0.038453193 41 
0.038453196 47 
0.038453199 52 
0.038453241 35 
0.038453244 16 
0.038453258 43 
0.038453326 22 
0.038453336 36 
0.038453345 8 
0.038453392 14 
0.038453408 33 
0.038453572 30 
0.040684267 8 
0.040684278 36 
0.040684368 30 
0.040684461 38 
0.040684496 21 
0.040684533 41 
0.040684553 6 
0.040684585 3 
0.040684591 49 
0.040684592 11 
0.040684613 46 
0.040684682 2 
0.040684702 39 
0.040684712 2 
0.040684723 48 
0.040684755 1 
0.040684764 1 
0.040684779 35 
0.040684801 49 
0.040684802 11 
0.040684812 18 
0.040684821 18 
0.040684869 15 
0.040684881 39 
0.040684894 34 
0.040684904 28 
0.040684917 46 
0.040684961 50 
0.040684967 10 
0.040684979 35 
0.040684979 3 
0.040685039 20 
0.040685082 29 
0.040685085 42 
0.040685095 40 
0.040685098 28 
0.040685211 9 
0.041532267 8 
0.041532278 36 
0.041532368 30 
0.041532461 38 
0.041532496 21 
0.041532533 41 
0.041532553 6 
0.041532712 2 
0.041532723 48 
0.041532764 1 
0.041532801 49 
0.041532802 11 
0.041532821 18 
0.041532881 39 
0.041532894 34 
0.041532917 46 
0.041967229 50 
0.041967440 18 
0.041967460 39 
0.041967512 3 
0.041967521 46 
0.041967545 1 
0.041967746 0 
0.041967747 48 
0.041967768 2 
0.041967771 49 
0.041967794 40 
0.041967798 25 
0.041967868 43 
0.041967886 11 
0.041967896 25 
0.041967910 13 
0.041967925 43 
0.041968008 38 
0.041968028 30 
0.041968057 41 
0.041968077 36 
0.041968081 8 
0.041968116 5 
0.041968146 40 
0.041968187 21 
0.041968197 6 
0.041968218 0 
0.041968226 23 
0.041968230 3 
0.041968287 46 
0.041968367 49 
0.041968393 45 
0.041968452 2 
0.041968589 11 
0.041968991 13 
0.042815229 50 
0.042815440 18 
0.042815460 39 
0.042815545 1 
0.042815747 48 
0.042815896 25 
0.042815925 43 
0.042815932 22 
0.042816146 40 
0.042816218 0 
0.042816230 3 
0.042816287 46 
0.042816348 44 
0.042816367 49 
0.043270572 12 
0.043270679 44 
0.043270745 9 
0.043270827 2 
0.043270830 29 
0.043270838 15 
0.043270857 49 
0.043270882 4 
0.043270898 28 
0.043270908 53 
0.043270916 53 
0.043270961 0 
0.043270997 29 
0.043271002 37 
0.043271009 53 
0.043271010 20 
0.043271017 46 
0.043271022 4 
0.043271023 7 
0.043271060 47 
0.043271068 22 
0.043271070 15 
0.043271100 29 
0.043271114 6 
0.043271124 51 
0.043271129 43 
0.043271133 43 
0.043271143 9 
0.043271158 35 
0.043271162 15 
0.043271173 4 
0.043271182 21 
0.043271187 48 
0.043271187 42 
0.043271188 5 
0.043271191 5 
0.043271192 22 
0.043271210 30 
0.043271211 40 
0.043271214 32 
0.043271233 25 
0.043271255 9 
0.043271262 43 
0.043271264 14 
0.043271285 22 
0.043271293 2 
0.043271295 23 
0.043271305 37 
0.043271315 46 
0.043271338 14 
0.043271338 24 
0.043271340 30 
0.043271341 33 
0.043271366 37 
0.043271368 25 
0.043271374 6 
0.043271379 49 
0.043271383 46 
0.043271407 2 
0.043271412 49 
0.043271423 46 
0.043271425 21 
0.043271437 21 
0.043271442 6 
0.043271471 32 
0.043271535 7 
0.043271552 43 
0.043271574 49 
0.043271584 2 
0.043271601 30 
0.043271621 22 
0.043271629 40 
0.043271670 37 
0.043271858 30 
0.044118572 12 
0.044118679 44 
0.044118898 28 
0.044118961 0 
0.044119009 53 
0.044119010 20 
0.044119060 47 
0.044119100 29 
0.044119124 51 
0.044119158 35 
0.044119162 15 
0.044119173 4 
0.044119187 48 
0.044119187 42 
0.044119191 5 
0.044119255 9 
0.044119295 23 
0.044119437 21 
0.044119442 6 
0.044119619 49 
0.044119632 2 
0.044553843 11 
0.044553868 0 
0.044553891 1 
0.044553915 46 
0.044553943 39 
0.044553965 3 
0.044553998 18 
0.044554084 30 
0.044554127 47 
0.044554131 6 
0.044554136 35 
0.044554164 16 
0.044554165 15 
0.044554177 43 
0.044554180 34 
0.044554208 22 
0.044554227 52 
0.044554237 21 
0.044554247 10 
0.044554253 44 
0.044554281 42 
0.044554300 13 
0.044554300 37 
0.044554319 5 
0.044554329 20 
0.044554360 51 
0.044554380 53 
0.044554380 28 
0.044554399 28 
0.044554403 8 
0.044554406 36 
0.044554418 29 
0.044554422 25 
0.044554425 19 
0.044554430 45 
0.044554440 35 
0.044554441 14 
0.044554461 48 
0.044554462 12 
0.044554464 17 
0.044554472 18 
0.044554473 7 
0.044554478 23 
0.044554479 38 
0.044554503 33 
0.044554531 39 
0.044554537 47 
0.044554540 32 
0.044554585 1 
0.044554610 46 
0.044554621 3 
0.044554657 51 
0.044554764 16 
0.044554833 52 
0.044554906 13 
0.044554911 25 
0.044555013 43 
0.044555044 30 
0.044555074 36 
0.044555078 8 
0.044555080 22 
0.044555117 5 
0.044555160 14 
0.044555194 37 
0.044555284 21 
0.044555505 45 
0.044555568 17 
0.044555587 12 
0.044555593 29 
0.044555611 19 
0.045401843 11 
0.045401868 0 
0.045402131 6 
0.045402165 15 
0.045402180 34 
0.045402247 10 
0.045402253 44 
0.045402281 42 
0.045402329 20 
0.045402380 53 
0.045402399 28 
0.045402440 35 
0.045402472 18 
0.045402531 39 
0.045402537 47 
0.045402585 1 
0.045402610 46 
0.045402621 3 
0.045402624 26 
0.045402657 51 
0.045402706 31 
0.045402755 48 
0.045402764 16 
0.045402833 52 
0.045402856 40 
0.045402906 13 
0.045402911 25 
0.045403005 38 
0.045403013 43 
0.045403044 30 
0.045403056 41 
0.045837502 25 
0.045837547 1 
0.045837584 47 
0.045837600 42 
0.045837636 18 
0.045837662 0 
0.045837664 35 
0.045837668 39 
0.045837679 46 
0.045837709 15 
0.045837738 3 
0.045837753 6 
0.045837765 40 
0.045837768 3 
0.045837819 4 
0.045837822 46 
0.045837828 29 
0.045837834 21 
0.045837862 50 
0.045837879 44 
0.045837881 49 
0.045837900 39 
0.045837926 53 
0.045837975 19 
0.045837994 1 
0.045838020 18 
0.045838023 15 
0.045838024 45 
0.045838031 44 
0.045838046 2 
0.045838051 49 
0.045838095 50 
0.045838135 0 
0.045838170 35 
0.045838310 46 
0.045838345 3 
0.045838355 39 
0.045838511 49 
0.045838514 0 
0.045838554 2 
0.045838616 51 
0.045838687 48 
0.046685502 25 
0.046685584 47 
0.046685600 42 
0.046685753 6 
0.046685765 40 
0.046685819 4 
0.046685828 29 
0.046685834 21 
0.046685926 53 
0.046685975 19 
0.046686023 15 
0.046686024 45 
0.046686031 44 
0.047121334 35 
0.047121360 28 
0.047121366 18 
0.047121425 39 
0.047121431 47 
0.047121479 1 
0.047121518 26 
0.047121550 51 
0.047121599 31 
0.047121649 48 
0.047121658 16 
0.047121727 52 
0.047121750 40 
0.047121800 13 
0.047121805 25 
0.047121815 11 
0.047121937 30 
0.047122054 14 
0.047122070 33 
0.047122088 37 
0.047122119 6 
0.047122199 32 
0.047122228 15 
0.047122239 7 
0.047122251 44 
0.047969334 35 
0.047969360 28 
0.047969366 18 
0.047969425 39 
0.047969431 47 
0.047969479 1 
0.047969518 26 
0.047969550 51 
0.047969599 31 
0.047969649 48 
0.047969658 16 
0.047969727 52 
0.047969750 40 
0.047969800 13 
0.047969805 25 
0.047969815 11 
0.047969899 38 
0.047969937 30 
0.047969950 41 
0.049667748 46 
0.049667765 3 
0.049667766 1 
0.049667813 39 
0.049667878 18 
0.049667964 47 
0.050514747 29 
0.050514788 9 
0.050514806 53 
0.050514823 19 
0.050514954 12 
0.050514991 20 
0.050515008 15 
0.050515020 10 
0.050515030 17 
0.050515039 34 
0.050515098 44 
0.050515129 45 
0.050515168 42 
0.050515341 6 
0.050515420 21 
0.051523651 34 
0.051523662 10 
0.051523715 20 
0.051523801 2 
0.051523852 49 
0.051523875 19 
0.051523876 53 
0.051523961 29 
0.051523985 0 
0.051523994 1 
0.051524042 4 
0.051524084 46 
0.051524100 39 
0.051524134 3 
0.051524159 47 
0.051524165 35 
0.051524166 16 
0.051524454 38 
0.051524521 14 
0.051524595 33 
0.051524765 24 
0.052371651 34 
0.052371662 10 
0.052371715 20 
0.052371801 2 
0.052371852 49 
0.052371875 19 
0.052371876 53 
0.052371961 29 
0.052371985 0 
0.052371994 1 
0.052372042 4 
0.052372084 46 
0.052372099 18 
0.052372100 39 
0.052372134 3 
0.052806485 23 
0.052806496 5 
0.052806577 52 
0.052806653 16 
0.052806735 30 
0.052806874 47 
0.052806926 11 
0.052807009 1 
0.052807022 2 
0.052807041 18 
0.052807114 49 
0.052807253 0 
0.052807382 15 
0.052807557 29 
0.052807563 44 
0.052807642 4 
0.053654485 23 
0.053654496 5 
0.053654577 52 
0.053654653 16 
0.053654735 30 
0.053654874 47 
0.053654926 11 
0.053654971 35 
0.053655009 1 
0.053655022 2 
0.053655041 18 
0.053655114 49 
0.053655131 39 
0.054088757 41 
0.054088922 52 
0.054088992 16 
0.054089001 48 
0.054089001 23 
0.054089029 5 
0.054089043 51 
0.054089165 47 
0.054089229 30 
0.054089254 35 
0.054089362 18 
0.054089363 1 
0.054089375 11 
0.054089412 21 
0.054089417 0 
0.054089439 2 
0.054089454 6 
0.054089459 42 
0.054089470 39 
0.054089529 49 
0.054089556 6 
0.054089656 21 
0.054089711 11 
0.054089766 30 
0.054089795 2 
0.054090028 1 
0.054090100 37 
0.054090101 39 
0.054090142 18 
0.054090245 35 
0.054090388 50 
0.054090625 22 
0.054090651 43 
0.054090875 45 
0.054090961 0 
0.054090980 17 
0.054091067 46 
0.054091237 1 
0.054936757 41 
0.054936922 52 
0.054936992 16 
0.054937001 48 
0.054937001 23 
0.054937029 5 
0.054937043 51 
0.054937165 47 
0.054937459 42 
0.054937556 6 
0.054937656 21 
0.054937711 11 
0.054937766 30 
0.054937794 49 
0.054937795 2 
0.054938289 32 
0.054938381 33 
0.054938405 14 
0.054938436 7 
0.054938563 37 
0.054938625 22 
0.054938651 43 
0.054938685 25 
0.054938875 45 
0.054938912 40 
0.057190082 29 
0.057190116 4 
0.057190153 20 
0.057190167 10 
0.057190184 34 
0.057190228 9 
0.057190247 15 
0.057190324 42 
0.057190360 12 
0.057190424 44 
0.057190432 17 
0.057190486 6 
0.057190514 45 
0.057190569 21 
0.057190703 30 
0.057190704 30 
0.057190736 15 
0.057190750 6 
0.057190793 44 
0.057190795 22 
0.057190815 37 
0.057190833 37 
0.057190864 21 
0.057190901 42 
0.057190965 45 
0.057191006 17 
0.057191010 12 
0.057191051 14 
0.057191068 8 
0.057191078 36 
0.057191084 13 
0.057191099 32 
0.057191132 33 
0.058038082 29 
0.058038116 4 
0.058038153 20 
0.058038167 10 
0.058038184 34 
0.058038228 9 
0.058038704 30 
0.058038736 15 
0.058038750 6 
0.058038793 44 
0.058038864 21 
0.058038901 42 
0.058038939 5 
0.058038965 45 
0.058038989 7 
0.058039006 17 
0.058039010 12 
0.058473100 34 
0.058473112 19 
0.058473119 42 
0.058473145 53 
0.058473242 29 
0.058473278 15 
0.058473293 4 
0.058473316 6 
0.058473377 21 
0.058473399 9 
0.058473503 12 
0.058473503 44 
0.058473542 11 
0.058473549 30 
0.058473567 17 
0.058473631 45 
0.058473639 2 
0.058473645 49 
0.058473728 0 
0.058473758 5 
0.059321100 34 
0.059321112 19 
0.059321119 42 
0.059321145 53 
0.059321242 29 
0.059321278 15 
0.059321293 4 
0.059321316 6 
0.059321377 21 
0.059321399 9 
0.059321503 12 
0.059321503 44 
0.059321542 11 
0.059321549 30 
0.059321567 17 
0.059321631 45 
0.059321639 2 
0.059321645 49 
0.059321728 0 
0.059321758 5 
0.059756559 40 
0.059756605 33 
0.059756633 14 
0.059756711 43 
0.059756764 22 
0.059756774 32 
0.059756817 40 
0.059756835 37 
0.059756903 50 
0.059756903 7 
0.059756977 50 
0.059756986 18 
0.059757090 18 
0.059757110 35 
0.059757115 35 
0.059757187 47 
0.059757208 44 
0.059757266 45 
0.059757318 51 
0.059757365 17 
0.059757372 16 
0.059757385 51 
0.059757418 12 
0.059757450 52 
0.059757533 13 
0.059757564 29 
0.059757585 53 
0.059757638 21 
0.059757640 20 
0.059757648 42 
0.060604605 33 
0.060604633 14 
0.060604711 43 
0.060604764 22 
0.060604774 32 
0.060604817 40 
0.060604835 37 
0.060604848 27 
0.060604869 24 
0.060604880 28 
0.060604903 7 
0.060604977 50 
0.060605090 18 
0.060605115 35 
0.060605213 47 
0.061059836 38 
0.061060004 36 
0.061060015 8 
0.061060017 13 
0.061060086 52 
0.061060140 23 
0.061060153 16 
0.061060180 5 
0.061060310 47 
0.061060394 30 
0.061060394 35 
0.061060512 18 
0.061060520 1 
0.061060542 11 
0.061060580 50 
0.061060605 2 
0.061060615 6 
0.061060623 39 
0.061060692 21 
0.061060693 46 
0.061060751 3 
0.061060758 11 
0.061060801 28 
0.061060826 30 
0.061061056 1 
0.061061169 18 
0.061061189 23 
0.061061411 50 
0.061907836 38 
0.061908004 36 
0.061908015 8 
0.061908017 13 
0.061908086 52 
0.061908153 16 
0.061908180 5 
0.061908310 47 
0.061908394 35 
0.061908692 21 
0.061908758 11 
0.061908801 49 
0.061908821 2 
0.061908826 30 
0.061908848 0 
0.061908905 37 
0.062343954 34 
0.062343989 10 
0.062344013 20 
0.062344156 49 
0.062344158 42 
0.062344214 43 
0.062344221 2 
0.062344239 11 
0.062344347 46 
0.062344425 1 
0.062344429 39 
0.062344478 14 
0.062344523 18 
0.063191954 34 
0.063191989 10 
0.063192013 20 
0.063192116 0 
0.063192156 49 
0.063192158 42 
0.063192221 2 
0.063626872 2 
0.063626902 49 
0.063626914 16 
0.063626939 0 
0.063626974 11 
0.063626992 52 
0.063627074 13 
0.063627201 48 
0.063627217 38 
0.063627232 36 
0.063627234 5 
0.063627234 8 
0.063627363 23 
0.063627444 44 
0.063627475 25 
0.063627669 12 
0.063627741 9 
0.063627761 4 
0.064474872 2 
0.064474902 49 
0.064474914 16 
0.064474939 0 
0.064474974 11 
0.064474992 52 
0.064475074 13 
0.064475179 43 
0.064475217 38 
0.064475232 36 
0.064475234 5 
0.064475234 8 
0.064475238 22 
0.064475287 41 
0.064475350 37 
0.064909458 35 
0.064909490 18 
0.064909556 47 
0.064909556 16 
0.064909603 1 
0.064909638 30 
0.064909642 26 
0.064909675 51 
0.064909737 48 
0.064909737 31 
0.064909738 51 
0.064909773 48 
0.064909777 47 
0.064909782 16 
0.064909828 21 
0.064909829 11 
0.064909844 6 
0.064909874 40 
0.064909929 25 
0.064909939 11 
0.064910031 43 
0.064910098 22 
0.064910149 34 
0.064910178 14 
0.064910194 33 
0.064910212 37 
0.064910243 6 
0.064910285 15 
0.064910324 32 
0.064910364 7 
0.064910375 44 
0.064910449 42 
0.064910466 43 
0.064910555 31 
0.065757458 35 
0.065757490 18 
0.065757603 1 
0.065757638 30 
0.065757642 26 
0.065757738 51 
0.065757773 48 
0.065757777 47 
0.065757782 16 
0.065757874 40 
0.065757929 25 
0.065757939 11 
0.067963021 47 
0.067963082 18 
0.067963138 50 
0.067963169 1 
0.067963248 16 
0.067963319 52 
0.067963332 48 
0.067963392 2 
0.067963394 13 
0.067963440 49 
0.067963460 11 
0.067963508 38 
0.067963516 28 
0.067963535 26 
0.067963544 30 
0.067963561 36 
0.067963564 8 
0.067963600 5 
0.067963617 31 
0.067963737 43 
0.067963738 40 
0.067963742 25 
0.067963743 6 
0.067963796 22 
0.067963909 37 
0.067963925 15 
0.067963934 14 
0.067963965 33 
0.067963991 44 
0.068811021 47 
0.068811082 18 
0.068811138 50 
0.068811169 1 
0.068811248 16 
0.068811319 52 
0.068811332 48 
0.068811392 2 
0.068811394 13 
0.068811440 49 
0.068811460 11 
0.068811508 38 
0.068811516 28 
0.068811535 26 
0.068811544 30 
0.068811561 36 
0.068811564 8 
0.068811569 41 
0.068811600 5 
0.068811617 31 
0.068811708 23 
0.068811737 43 
0.068811738 40 
0.068811742 25 
0.068811743 6 
0.069246808 37 
0.069246865 22 
0.069246923 43 
0.069246958 0 
0.069247031 32 
0.069247074 14 
0.069247128 6 
0.069247152 33 
0.069247158 24 
0.069247189 46 
0.069247189 3 
0.069247254 1 
0.069247268 39 
0.069247278 27 
0.069247357 18 
0.069247499 35 
0.070094808 37 
0.070094840 7 
0.070094865 22 
0.070094923 43 
0.070094958 0 
0.070094983 49 
0.070095031 32 
0.070095041 2 
0.070529989 11 
0.070530004 49 
0.070530035 2 
0.070530072 0 
0.070530078 30 
0.070530191 3 
0.070530236 6 
0.070530247 46 
0.070530249 46 
0.070530267 3 
0.070530279 21 
0.070530281 28 
0.070530307 14 
0.070530325 22 
0.070530338 43 
0.070530366 0 
0.070530394 22 
0.070530403 37 
0.070530438 24 
0.070530453 23 
0.070530476 49 
0.070530504 37 
0.070530524 2 
0.070530553 27 
0.070530673 11 
0.070530683 32 
0.070530880 30 
0.071378236 6 
0.071378279 21 
0.071378281 28 
0.071378366 0 
0.071813447 50 
0.071813693 18 
0.071813744 39 
0.071813806 3 
0.071813812 46 
0.071813834 40 
0.071814040 0 
0.072661447 50 
0.072661693 18 
0.072661744 39 
0.072661806 3 
0.072661812 46 
0.073096773 0 
0.073096791 44 
0.073096911 3 
0.073096934 15 
0.073096947 46 
0.073096975 12 
0.073096991 17 
0.073097036 39 
0.073097080 25 
0.073097115 29 
0.073097135 34 
0.073097160 53 
0.073097205 10 
0.073097219 40 
0.073097236 19 
0.073097270 20 
0.073097296 50 
0.073097692 48 
0.073944773 0 
0.073944791 44 
0.073944911 3 
0.073944934 15 
0.073944947 46 
0.073945036 39 
0.073945085 9 
0.073945115 29 
0.073945135 34 
0.073945160 53 
0.075318616 43 
0.075318725 25 
0.075318800 13 
0.075318802 40 
0.075318833 44 
0.075318841 15 
0.075318944 26 
0.075319045 34 
0.075319109 31 
0.075319300 28 
0.076006137 39 
0.076006185 46 
0.076006246 2 
0.076006246 3 
0.076006283 49 
0.076006351 11 
0.076006370 50 
0.076006384 16 
0.076006461 52 
0.076006502 51 
0.076006513 30 
0.076006543 13 
0.076006610 48 
0.076006663 6 
0.076006664 5 
0.076006689 8 
0.076006689 36 
0.076006705 38 
0.076006744 21 
0.076006782 41 
0.076006805 23 
0.076166238 37 
0.076166294 22 
0.076166322 43 
0.076166441 25 
0.076166600 45 
0.076166633 44 
0.076166697 40 
0.076166707 17 
0.076166777 12 
0.079217126 7 
0.079217141 34 
0.079217142 0 
0.079217180 49 
0.079217216 10 
0.079217247 2 
0.079217277 11 
0.079217290 20 
0.079217325 42 
0.079217374 46 
0.079217448 1 
0.079217454 39 
0.079217456 24 
0.079217547 18 
0.079217567 27 
0.079217694 35 
0.079217758 50 
0.079217792 40 
0.079217898 26 
0.080065126 7 
0.080065141 34 
0.080065142 0 
0.080065180 49 
0.080065247 2 
0.080065277 11 
0.080065329 6 
0.080065374 46 
0.080065448 1 
0.080065454 21 
0.080065454 39 
0.080065456 24 
0.080500028 48 
0.080500156 47 
0.080500200 35 
0.080500207 16 
0.080500228 52 
0.080500262 13 
0.080500291 38 
0.080500349 50 
0.080500352 18 
0.080500414 36 
0.080500422 8 
0.080500523 5 
0.080500577 23 
0.080500584 30 
0.080500828 21 
0.080501012 25 
0.080501041 42 
0.080501209 14 
0.080501310 19 
0.081348028 48 
0.081348156 47 
0.081348200 35 
0.081348207 16 
0.081348228 52 
0.081348262 13 
0.081348291 38 
0.081348326 41 
0.081348349 50 
0.081348352 18 
0.081348414 36 
0.081348422 8 
0.081348523 5 
0.081348577 23 
0.081348578 28 
0.081348584 30 
0.081348732 26 
0.081823366 6 
0.081823466 21 
0.081823520 11 
0.081823576 30 
0.081823604 49 
0.081823604 2 
0.081823684 0 
0.081823838 1 
0.081823863 46 
0.081823896 3 
0.081823910 39 
0.082671214 20 
0.082671269 42 
0.082671273 15 
0.082671366 6 
0.082671466 21 
0.082671511 44 
0.082671520 11 
0.082671570 12 
0.082671576 30 
0.082671604 49 
0.082671604 2 
0.082671621 17 
0.082671665 45 
0.082671684 0 
0.082671838 1 
0.082671844 22 
0.082671863 46 
0.082671863 43 
0.082671864 37 
0.083126318 13 
0.083126325 36 
0.083126336 8 
0.083126389 52 
0.083126460 16 
0.083126496 5 
0.083126611 51 
0.083126639 47 
0.083126697 30 
0.083126736 35 
0.083126831 1 
0.083126843 11 
0.083126872 39 
0.083126880 21 
0.083126907 2 
0.083126914 46 
0.083126921 6 
0.083126923 2 
0.083126948 1 
0.083126950 50 
0.083126957 0 
0.083126974 18 
0.083126976 3 
0.083126996 49 
0.083127056 11 
0.083127124 35 
0.083127133 42 
0.083127180 47 
0.083127295 6 
0.083127422 21 
0.083974318 13 
0.083974325 36 
0.083974336 8 
0.083974389 52 
0.083974460 16 
0.083974496 5 
0.083974611 51 
0.083974697 30 
0.083974923 2 
0.083974938 39 
0.085874524 22 
0.085874633 37 
0.086721609 31 
0.086721711 26 
0.086721752 50 
0.086721927 35 
0.086721995 51 
0.086721998 18 
0.086722010 47 
0.086722021 40 
0.086722043 48 
0.086722049 39 
0.086722112 3 
0.086722112 1 
0.086722117 46 
0.088155224 25 
0.088155282 3 
0.088155291 39 
0.088155316 46 
0.088155410 18 
0.088155510 0 
0.088155560 35 
0.088155575 49 
0.088155593 2 
0.088155616 47 
0.088155842 51 
0.089003224 25 
0.089003282 3 
0.089003291 39 
0.089003316 46 
0.089003395 1 
0.089003510 0 
0.093558076 37 
0.093558081 25 
0.093558122 22 
0.093558136 43 
0.093558280 40 
0.093558721 31 
0.094406076 37 
0.094406081 25 
0.094406122 22 
0.094406136 43 
0.094406280 40 
0.100081859 3 
0.100081962 1 
0.100081994 18 
0.100082041 0 
0.100082046 49 
0.100082070 2 
0.100082152 35 
0.100082172 50 
0.100082193 47 
0.100082214 11 
0.100082263 43 
0.100082322 22 
0.100082333 25 
0.100082335 16 
0.100082387 26 
0.100082412 52 
0.100082422 30 
0.100082427 51 
0.100082435 37 
0.100082439 40 
0.100082467 14 
0.100082494 13 
0.100082506 33 
0.100082529 6 
0.100082533 15 
0.100082537 48 
0.100082538 31 
0.100082555 44 
0.100082570 28 
0.100082600 32 
0.100082600 7 
0.100082602 5 
0.100082638 8 
0.100082638 36 
0.100082655 38 
0.100929859 3 
0.100929962 1 
0.100929994 18 
0.100930041 0 
0.100930046 49 
0.100930070 2 
0.100930152 35 
0.100930172 50 
0.100930193 47 
0.100930214 11 
0.100930263 43 
0.100930322 22 
0.100930333 25 
0.100930335 16 
0.100930387 26 
0.100930412 52 
0.100930422 30 
0.100930427 51 
0.100930435 37 
0.100930439 40 
0.100930467 14 
0.100930494 13 
0.100930506 33 
0.100930529 6 
0.100930533 15 
0.100930537 48 
0.100930538 31 
0.100930555 44 
0.100930570 28 
0.100930594 34 
0.100930602 5 
0.105079254 0 
0.105079289 3 
0.105079293 49 
0.105079329 46 
0.105079523 15 
0.105079670 25 
0.105079870 9 
0.105927254 0 
0.105927289 3 
0.105927293 49 
0.105927329 46 
0.107300262 37 
0.107300294 22 
0.107300344 43 
0.107300347 7 
0.107300497 11 
0.107300522 32 
0.107300533 14 
0.107300547 42 
0.107300550 6 
0.107300586 20 
0.107300614 33 
0.107300682 30 
0.107300915 16 
0.107300963 52 
0.107301023 13 
0.107301236 48 
0.108148262 37 
0.108148294 22 
0.108148344 43 
0.108148347 7 
0.108148497 11 
0.108148522 32 
0.108148533 14 
0.108148550 6 
0.108148614 33 
0.108148675 21 
0.108148677 24 
0.108582708 32 
0.108582804 37 
0.108582811 7 
0.108582875 25 
0.108582956 27 
0.108583073 18 
0.108583138 40 
0.108583141 3 
0.108583160 1 
0.108583192 39 
0.108583195 46 
0.108583219 44 
0.108583226 45 
0.108583254 49 
0.108583280 46 
0.108583322 3 
0.108583332 17 
0.108583342 2 
0.108583373 26 
0.108583383 2 
0.108583396 12 
0.108583401 15 
0.108583431 49 
0.108583451 11 
0.108583475 11 
0.108583591 34 
0.108583729 40 
0.108583982 44 
0.108584147 45 
0.108584196 17 
0.109430708 32 
0.109430804 37 
0.109430811 7 
0.109430875 25 
0.109430956 27 
0.109431073 18 
0.109431160 1 
0.109431192 39 
0.109431280 46 
0.109431322 3 
0.109431383 2 
0.109431431 49 
0.109431507 28 
0.109431526 26 
0.109431535 30 
0.109431591 5 
0.109431608 31 
0.109431699 23 
0.109431729 40 
0.109431734 6 
0.110764675 11 
0.110764921 16 
0.110764922 6 
0.110764974 47 
0.110764980 52 
0.110765010 34 
0.110765025 18 
0.110765052 13 
0.110765054 35 
0.110765076 10 
0.110765080 15 
0.110765096 42 
0.110765132 51 
0.110765136 44 
0.110765153 8 
0.110765157 36 
0.110765159 20 
0.110765167 0 
0.110765210 53 
0.110765230 48 
0.110765232 38 
0.110765252 50 
0.110765254 19 
0.110765263 29 
0.110765264 25 
0.110765294 17 
0.110765305 3 
0.110765317 12 
0.110765318 41 
0.110765328 15 
0.110765419 12 
0.110765449 17 
0.110765508 29 
0.110765528 34 
0.110765548 18 
0.110765553 53 
0.110765598 10 
0.110765629 19 
0.110765664 20 
0.110765689 50 
0.110765706 35 
0.110765719 40 
0.110765730 42 
0.110766086 48 
0.111612675 11 
0.111612921 16 
0.111612922 6 
0.111612974 47 
0.111612980 52 
0.111613052 13 
0.111613132 51 
0.111613136 44 
0.111613153 8 
0.111613157 36 
0.111613167 0 
0.111613232 38 
0.111613264 25 
0.111613305 3 
0.111613328 15 
0.111613478 9 
0.111613508 29 
0.111613528 34 
0.111613548 18 
0.111613553 53 
0.112067560 17 
0.112067651 44 
0.112067805 9 
0.112067852 15 
0.112067890 29 
0.112067942 4 
0.112067968 53 
0.112068015 37 
0.112068042 19 
0.112068048 7 
0.112068062 34 
0.112068073 22 
0.112068107 10 
0.112068131 43 
0.112068142 20 
0.112068165 0 
0.112068190 49 
0.112068238 32 
0.112068251 2 
0.112068272 42 
0.112068281 14 
0.112068332 6 
0.112068359 33 
0.112068366 24 
0.112068772 2 
0.112068863 49 
0.112068892 42 
0.112068996 34 
0.112069003 0 
0.112069012 10 
0.112069060 20 
0.112069312 43 
0.112915560 17 
0.112915651 44 
0.112915805 9 
0.112915852 15 
0.112915890 29 
0.112915942 4 
0.112915968 53 
0.112916015 37 
0.112916042 19 
0.112916048 7 
0.112916073 22 
0.112916238 32 
0.112916484 30 
0.112916635 21 
0.112916675 11 
0.112916690 6 
0.112916721 35 
0.112916759 1 
0.112916772 2 
0.112916790 18 
0.112916863 49 
0.112916880 39 
0.112916892 42 
0.113351158 47 
0.113351201 35 
0.113351263 13 
0.113351293 38 
0.113351328 41 
0.113351350 50 
0.113351351 38 
0.113351353 18 
0.113351363 41 
0.113351366 47 
0.113351378 13 
0.113351411 1 
0.113351412 35 
0.113351416 36 
0.113351423 8 
0.113351474 39 
0.113351506 36 
0.113351515 8 
0.113351525 5 
0.113351549 50 
0.113351559 46 
0.113351564 18 
0.113351578 23 
0.113351585 30 
0.113351587 28 
0.113351589 2 
0.113351603 11 
0.113351606 3 
0.113351618 1 
0.113351641 5 
0.113351659 49 
0.113351667 23 
0.113351685 39 
0.113351742 30 
0.113351743 0 
0.113351770 46 
0.113351787 2 
0.113351788 11 
0.113351816 6 
0.113351817 3 
0.113351829 21 
0.113351861 49 
0.113351919 26 
0.113351950 0 
0.114199351 38 
0.114199363 41 
0.114199366 47 
0.114199378 13 
0.114199412 35 
0.114199506 36 
0.114199515 8 
0.114199549 50 
0.114199564 18 
0.114199618 1 
0.114199641 5 
0.114199667 23 
0.114199685 39 
0.114199728 28 
0.114199742 30 
0.114199770 46 
0.114199787 2 
0.114199788 11 
0.114199817 3 
0.114754807 44 
0.115601451 38 
0.115601619 36 
0.115601629 8 
0.115601632 13 
0.115601701 52 
0.115601708 48 
0.115601768 16 
0.115601772 51 
0.115601795 5 
0.115601925 47 
0.115602008 30 
0.115602009 35 
0.115602127 18 
0.115602135 1 
0.115602157 11 
0.115602183 21 
0.115602195 50 
0.117769467 21 
0.117769470 6 
0.117769591 11 
0.117769599 30 
0.117769689 2 
0.117769694 49 
0.117769777 0 
0.117769953 46 
0.117769988 3 
0.118617467 21 
0.118617470 6 
0.118617591 11 
0.118617599 30 
0.118617689 2 
0.118617694 49 
0.118617777 0 
0.123598082 30 
0.123598218 5 
0.123598244 11 
0.123598393 2 
0.123598454 49 
0.123598502 0 
0.123598563 1 
0.123598622 47 
0.123598635 15 
0.123598661 18 
0.123598677 39 
0.123598701 35 
0.123598812 29 
0.123598816 44 
0.123598897 4 
0.124445587 8 
0.124445739 23 
0.124445765 38 
0.124445820 52 
0.124445832 41 
0.124445896 16 
0.124446064 48 
0.124446073 51 
0.124446082 30 
0.124446218 5 
0.124446244 11 
0.124446393 2 
0.124446454 49 
0.124446563 1 
0.124446593 0 
0.124446622 47 
0.124446661 18 
0.124881105 42 
0.124881267 6 
0.124881350 21 
0.124881417 11 
0.124881460 49 
0.124881480 2 
0.124881713 46 
0.124881715 1 
0.124881772 39 
0.124881828 18 
0.125729105 42 
0.125729267 6 
0.125729350 21 
0.125729417 11 
0.125729460 49 
0.125729480 2 
0.125729507 0 
0.125729563 37 
0.135675238 30 
0.135675330 48 
0.135675338 51 
0.135675377 47 
0.135675389 21 
0.135675429 11 
0.135675444 6 
0.135675475 35 
0.135675513 1 
0.135675526 2 
0.135675544 18 
0.135675617 49 
0.135675646 42 
1.806834757 1 I
1.813693976 9 
1.813693983 42 
1.813694004 10 
1.813694038 20 
1.813694064 21 
1.813694076 11 
1.813694081 29 
1.813694099 12 
1.813694188 17 
1.813694224 44 
1.813694236 15 
1.813694277 5 
1.813694290 30 
1.813694379 45 
1.813694433 8 
1.813694448 13 
1.813694459 7 
1.813694577 43 
1.813694577 37 
1.813694580 23 
1.813694651 52 
1.813694694 36 
1.813694790 22 
1.813694856 32 
1.813694868 16 
1.813694908 33 
1.813694908 51 
1.813695028 25 
1.813695085 26 
1.814541976 9 
1.814541983 42 
1.814542004 10 
1.814542038 20 
1.814542064 21 
1.814542076 11 
1.814542081 29 
1.814542099 12 
1.814542188 17 
1.814542224 44 
1.814542236 15 
1.814542277 5 
1.814542290 30 
1.814542379 45 
1.814542433 8 
1.814542448 13 
1.814542459 7 
1.814542577 43 
1.814542577 37 
1.814542580 23 
1.819629514 36 
1.819629580 38 
1.819629596 52 
1.819629740 16 
1.819629769 51 
1.819629792 48 
1.819629820 47 
1.819629904 35 
1.819630029 18 
1.819630030 1 
1.819630090 50 
1.819630115 2 
1.819630133 39 
1.819630136 21 
1.819630157 28 
1.819630193 10 
1.819630203 46 
1.819630203 49 
1.819630261 3 
1.819630263 20 
1.819630303 11 
1.819630328 0 
1.819630333 42 
1.819630376 6 
1.819630423 34 
1.820477514 36 
1.820477580 38 
1.820477596 52 
1.820477740 16 
1.820477769 51 
1.820477792 48 
1.820477820 47 
1.820477904 35 
1.820478029 18 
1.820478030 1 
1.820478090 50 
1.821830557 13 
1.821830659 23 
1.821830745 52 
1.821830752 2 
1.821830753 18 
1.821830782 36 
1.821830872 1 
1.821830910 47 
1.821830930 38 
1.821830990 35 
1.821830994 39 
1.821831004 46 
1.821831063 3 
1.821831188 50 
1.821831219 15 
1.822678557 13 
1.822678659 23 
1.822678745 52 
1.822678752 2 
1.822678753 18 
1.822678782 36 
1.822678834 49 
1.822678872 1 
1.822678910 47 
1.822678930 38 
1.822678982 0 
1.822678990 35 
1.822678994 39 
1.822679004 46 
1.822679063 3 
1.822679188 50 
1.824031522 11 
1.824031657 2 
1.824031672 13 
1.824031680 9 
1.824031722 12 
1.824031725 18 
1.824031737 8 
1.824031763 53 
1.824031772 29 
1.824031785 23 
1.824031831 15 
1.824031838 44 
1.824031858 17 
1.824031871 52 
1.824031879 4 
1.824031914 36 
1.824031987 47 
1.824032005 19 
1.824032011 45 
1.824032050 35 
1.824032111 16 
1.824032149 51 
1.824032221 50 
1.824032395 32 
1.824032453 27 
1.824879522 11 
1.824879657 2 
1.824879672 13 
1.824879680 9 
1.824879722 12 
1.824879725 18 
1.824879737 8 
1.824879763 53 
1.824879772 29 
1.824879785 23 
1.824879831 15 
1.824879838 44 
1.824879858 17 
1.824879871 52 
1.824879987 47 
1.824880011 45 
1.829454302 11 
1.829454397 21 
1.830267239 46 
1.830267256 3 
1.830267258 1 
1.830267304 39 
1.830267456 47 
1.830301455 26 
1.830301468 25 
1.830301488 40 
1.830301527 50 
1.830301740 35 
1.831114754 11 
1.831114823 21 
1.831114877 7 
1.834000355 6 
1.834000407 10 
1.834000430 34 
1.834000520 21 
1.834000597 53 
1.834000603 9 
1.834000617 5 
1.834000669 11 
1.834000676 30 
1.834000692 29 
1.834000753 4 
1.834000756 12 
1.834000780 8 
1.834000809 17 
1.834000822 19 
1.834000850 2 
1.834000858 13 
1.834000879 49 
1.834000884 44 
1.834000898 15 
1.834000904 18 
1.834000937 52 
1.834000948 23 
1.834000988 0 
1.834000990 13 
1.834001011 2 
1.834001039 36 
1.834001059 49 
1.834001077 23 
1.834001113 0 
1.834001163 30 
1.834001179 36 
1.834001183 8 
1.834001213 38 
1.834001281 11 
1.834001291 41 
1.834001551 15 
1.834001609 44 
1.834001774 45 
1.834848355 6 
1.834848407 10 
1.834848430 34 
1.834848520 21 
1.834848597 53 
1.834848603 9 
1.834848617 5 
1.834848692 29 
1.834848753 4 
1.834848756 12 
1.834848809 17 
1.834848822 19 
1.834848904 18 
1.834848937 52 
1.834848990 13 
1.834849011 2 
1.834849059 49 
1.834849077 23 
1.834849113 0 
1.834849163 30 
1.834849179 36 
1.834849183 8 
1.834849281 11 
1.834849304 14 
1.834849356 43 
1.841039758 43 
1.841039766 37 
1.841039893 7 
1.841040051 0 
1.841040062 3 
1.841040119 46 
1.841040193 39 
1.841040199 49 
1.841040285 2 
1.841040293 1 
1.841040327 18 
1.841887758 43 
1.841887766 37 
1.841887893 7 
1.841888051 0 
1.841888062 3 
1.841888119 46 
1.841888193 39 
1.841888199 49 
1.842322368 44 
1.842322410 15 
1.842322474 12 
1.842322515 7 
1.842322554 49 
1.842322576 2 
1.842322580 35 
1.842322617 37 
1.842322626 12 
1.842322631 0 
1.842322670 15 
1.842322671 39 
1.842322678 47 
1.842322682 18 
1.842322683 9 
1.842322693 29 
1.842322701 44 
1.842322725 1 
1.842322750 46 
1.842322761 3 
1.842322761 4 
1.842322803 7 
1.842322810 1 
1.842322811 46 
1.842322812 17 
1.842322814 27 
1.842322825 32 
1.842322829 34 
1.842322841 3 
1.842322847 25 
1.842322868 19 
1.842322869 18 
1.842322875 6 
1.842322895 26 
1.842322904 37 
1.842322906 12 
1.842322950 13 
1.842322969 42 
1.842322996 40 
1.842323018 44 
1.842323024 16 
1.842323039 47 
1.842323047 20 
1.842323049 8 
1.842323052 51 
1.842323063 10 
1.842323066 15 
1.842323069 3 
1.842323071 24 
1.842323079 46 
1.842323092 48 
1.842323117 30 
1.842323137 35 
1.842323176 18 
1.842323176 36 
1.842323179 32 
1.842323191 5 
1.842323192 1 
1.842323239 27 
1.842323259 23 
1.842323299 7 
1.842323319 48 
1.842323325 5 
1.842323334 37 
1.842323355 7 
1.842323356 16 
1.842323361 51 
1.842323402 40 
1.842323405 10 
1.842323421 8 
1.842323484 47 
1.842323513 20 
1.842323537 20 
1.842323548 30 
1.842323572 35 
1.842323577 46 
1.842323584 5 
1.842323600 3 
1.842323674 18 
1.842323682 1 
1.842323835 10 
1.842323920 37 
1.843170554 49 
1.843170576 2 
1.843170631 0 
1.843170671 39 
1.843170683 9 
1.843170693 29 
1.843170761 4 
1.843170812 17 
1.843170829 34 
1.843170846 31 
1.843170847 25 
1.843170868 19 
1.843170875 6 
1.843170895 26 
1.843170906 12 
1.843170950 13 
1.843170969 42 
1.843171018 44 
1.843171066 15 
1.843171176 36 
1.843171259 23 
1.843171319 48 
1.843171356 16 
1.843171361 51 
1.843171421 8 
1.843171484 47 
1.843171548 30 
1.843171572 35 
1.843171584 5 
1.843171674 18 
1.843171682 1 
1.843606547 7 
1.843606699 32 
1.843606703 14 
1.843606734 22 
1.843606754 27 
1.843606770 33 
1.843606781 15 
1.843606834 44 
1.843606853 45 
1.843606865 0 
1.843606941 12 
1.843606978 24 
1.843606995 49 
1.843607003 3 
1.843607017 11 
1.843607038 46 
1.843607087 2 
1.843607127 39 
1.843607163 18 
1.843607163 25 
1.843607168 9 
1.843607186 1 
1.843607193 26 
1.843607226 34 
1.843607227 40 
1.843607263 21 
1.843607387 50 
1.843607404 35 
1.844454547 7 
1.844454699 32 
1.844454703 14 
1.844454734 22 
1.844454754 27 
1.844454770 33 
1.844454781 15 
1.844454834 44 
1.844454853 45 
1.844454865 0 
1.844454941 12 
1.844454978 24 
1.844454995 49 
1.844455003 3 
1.844455017 11 
1.844455038 46 
1.844455087 2 
1.844455127 39 
1.844455163 18 
1.844455163 25 
1.844455166 17 
1.844455168 9 
1.844455186 1 
1.844455193 26 
1.844455206 29 
1.844455226 34 
1.844455227 40 
1.844455251 53 
1.848763126 26 
1.848763185 25 
1.848763617 3 
1.848763650 50 
1.848763672 46 
1.848763684 39 
1.848763791 0 
1.848763795 24 
1.848763811 1 
1.848763901 49 
1.848763925 18 
1.848763949 2 
1.848764117 11 
1.848764118 15 
1.848764185 44 
1.848764248 12 
1.848764256 45 
1.849611126 26 
1.849611185 25 
1.849611461 31 
1.849611617 3 
1.849611650 50 
1.849611672 46 
1.849611684 39 
1.849611791 0 
1.849611795 24 
1.849611811 1 
1.849611822 28 
1.849611834 35 
1.850047181 10 
1.850047205 20 
1.850047216 21 
1.850047281 42 
1.850047305 11 
1.850047328 49 
1.850047370 2 
1.850047385 0 
1.850047476 18 
1.850047598 1 
1.850047632 39 
1.850895181 10 
1.850895205 20 
1.850895216 21 
1.850895281 42 
1.850895328 49 
9.943505000 13 
9.943505000 13 
9.943505000 13 
9.943505000 13 
9.943505000 13 
9.943505000 13 
10.023368382 13
10.023368382 13
10.023368382 13
10.023368382 13
10.803450429 16
10.803450429 28
10.803450458 13
10.803450487 38
10.803450507 19
10.803450554 41
10.803450711 30
10.803450785 48
10.803450795 51
10.803450838 47
10.803450901 6 
10.803450926 26
10.803450927 11
10.803450935 35
10.803450977 1 
10.803450992 25
10.803450994 2 
10.803451051 10
10.803451085 49
10.803451098 39
10.803451147 50
10.803451150 46
10.803451189 9 
10.803451212 3 
10.803451224 0 
10.804298429 16
10.804298429 28
10.804298458 13
10.804298487 38
10.804298507 19
10.804298554 41
10.804298711 30
10.804298785 48
10.804298795 51
10.804298838 47
10.804298901 6 
10.804298926 26
10.804298927 11
10.804298935 35
10.804298977 1 
10.804298992 25
10.804298994 2 
10.804299051 10
10.804299085 49
10.804299098 39
10.804299120 42
10.805606757 14
10.805606843 33
10.805606897 40
10.805606904 32
10.805606928 22
10.805606939 15
10.807569007 0 
10.807569059 49
10.807569110 9 
10.807569118 44
10.807569124 43
10.807569175 37
10.807569201 7 
10.807569238 46
10.807569241 3 
10.807569263 6 
10.807569267 8 
10.807569288 45
10.807569295 34
10.807569311 15
10.807569318 39
10.807569323 22
10.807569328 27
10.807569329 12
10.807569398 29
10.807569402 53
10.807569449 30
10.807569470 23
10.807569474 42
10.807569561 35
10.807569563 47
10.807569609 14
10.807569611 19
10.807569622 50
10.807569657 17
10.807569658 52
10.807569681 21
10.807569798 51
10.807569819 36
10.807569839 13
10.807569842 25
10.807569848 28
10.807569848 16
10.807569900 48
10.807569908 38
10.808417007 0 
10.808417059 49
10.808417110 9 
10.808417118 44
10.808417124 43
10.808417175 37
10.808417201 7 
10.808417238 46
10.808417241 3 
10.808417263 6 
10.808417267 8 
10.808417288 45
10.808417295 34
10.808417311 15
10.808417318 39
10.808417328 27
10.808417329 12
10.808417333 18
10.808417391 20
10.808417398 29
10.808417402 53
10.808417447 32
10.808417449 30
10.808417465 33
10.808417470 23
10.808417474 42
10.808417561 35
10.808417563 47
10.808417609 14
10.808417611 19
10.808417622 50
10.812525236 3 
10.812525262 46
10.812525263 39
10.812525294 50
10.812525345 9 
10.812525366 10
10.812525389 1 
10.812525433 0 
10.812525512 49
10.812525522 31
10.812525545 2 
10.812525621 5 
10.812525642 43
10.812525701 11
10.812525705 26
10.812525811 6 
10.812525814 37
10.812525870 33
10.812525887 30
10.812525896 19
10.812525975 32
10.812526043 36
10.812526080 41
10.813373236 3 
10.813373262 46
10.813373263 39
10.813373294 50
10.813373345 9 
10.813373366 10
10.813373389 1 
10.813373433 0 
10.813373512 49
10.813373522 31
10.813373545 2 
10.813373621 5 
10.813373642 43
10.813373701 11
10.813373705 26
10.817381632 1 
10.818229141 38
10.818229160 19
10.818229178 21
10.818229196 52
10.818229207 17
10.818229208 41
10.818229365 30
10.818229440 48
10.818229449 51
10.818229493 47
10.818229555 6 
10.818229580 26
10.818229582 11
10.818229590 35
10.818229632 1 
10.818229646 25
10.818229648 2 
10.818229706 10
10.818229740 49
10.818229752 39
10.818229775 42
10.818664506 5 
10.818664607 37
10.818664647 34
10.818664690 43
10.818664810 11
10.818664811 26
10.818664832 6 
10.818664858 8 
10.818664867 32
10.818664959 33
10.818665027 30
10.818665227 19
10.818665309 52
10.818665311 17
10.818665331 21
10.818665358 40
10.818665483 51
10.819512506 5 
10.819512607 37
10.819512647 34
10.819512690 43
10.819512810 11
10.819512811 26
10.819512832 6 
10.819512858 8 
10.819512860 42
10.819512867 32
10.819512959 33
10.820819753 15
10.820819836 22
10.820820256 32
10.820885304 20
10.820885347 7 
10.820885352 8 
10.820885366 37
10.820885397 18
10.820885405 12
10.820885408 27
10.820885423 44
10.820885488 0 
10.820885494 0 
10.820885505 5 
10.820885516 9 
10.820885529 33
10.820885541 9 
10.820885549 32
10.820885577 2 
10.820885592 3 
10.820885595 5 
10.820885599 46
10.820885633 46
10.820885636 3 
10.820885651 39
10.820885682 44
10.820885720 39
10.820885761 10
10.820885784 0 
10.820885784 1 
10.820885790 1 
10.820885804 30
10.820885809 9 
10.820885811 5 
10.820885848 34
10.820885860 46
10.820885880 39
10.820885887 34
10.820885893 44
10.820885899 23
10.820885901 42
10.820885911 3 
10.820885925 19
10.820885939 47
10.820885946 17
10.820885947 52
10.820885972 21
10.820885973 50
10.820885986 35
10.820885992 34
10.820885998 35
10.820886002 42
10.820886036 44
10.820886037 47
10.820886071 1 
10.820886079 14
10.820886127 36
10.820886130 13
10.820886137 51
10.820886141 36
10.820886142 28
10.820886142 16
10.820886142 50
10.820886159 25
10.820886169 23
10.820886170 13
10.820886176 42
10.820886178 28
10.820886178 16
10.820886199 38
10.820886216 17
10.820886220 52
10.820886221 40
10.820886222 19
10.820886232 48
10.820886245 21
10.820886258 25
10.820886273 51
10.820886285 41
10.820886305 35
10.820886312 23
10.820886361 14
10.820886542 24
10.821733304 20
10.821733347 7 
10.821733352 8 
10.821733366 37
10.821733397 18
10.821733405 12
10.821733408 27
10.821733529 33
10.821733549 32
10.821733577 2 
10.821733761 10
10.821733784 0 
10.821733804 30
10.821733809 9 
10.821733811 5 
10.821733860 46
10.821733880 39
10.821733911 3 
10.821733992 34
10.821734036 44
10.821734142 50
10.824005862 9 
10.824005905 49
10.824005990 10
10.824005992 2 
10.824006066 43
10.824006070 39
10.824006090 1 
10.824006120 11
10.824006123 26
10.824006141 8 
10.824006203 37
10.824006221 6 
10.824006236 23
10.824006263 4 
10.824006286 44
10.824006327 35
10.824006342 47
10.824006369 30
10.824006373 50
10.824006374 7 
10.824006394 33
10.824006395 14
10.824006430 32
10.824006485 19
10.824006487 17
10.824006489 52
10.824006515 21
10.824006528 40
10.824006581 51
10.824006606 25
10.824006688 48
10.824006713 31
10.824853862 9 
10.824853905 49
10.824853990 10
10.824853992 2 
10.824854066 43
10.824854070 39
10.824854090 1 
10.824854120 11
10.824854123 26
10.824854141 8 
10.824854203 37
10.824854221 6 
10.824854236 23
10.824854263 4 
10.824854273 44
10.824854327 35
10.824854342 47
10.824854357 7 
10.824854369 30
10.824854373 50
10.824854385 34
10.824854394 33
10.824854395 14
10.824854407 22
10.824854412 15
10.824854424 45
10.824854430 32
10.824854481 27
10.824854483 12
10.824854485 19
10.824854487 18
10.824854487 17
10.824854489 52
10.824854515 21
10.824854528 40
10.824854529 42
10.824854532 53
10.824854541 29
10.824854547 20
10.824854581 51
10.826066981 1 
10.826066989 1 
10.826067013 39
10.826067018 51
10.826067022 17
10.826067034 52
10.826067043 25
10.826067049 50
10.826067052 21
10.826067062 39
10.826067075 10
10.826067090 10
10.826067102 46
10.826067118 17
10.826067128 48
10.826067131 52
10.826067143 46
10.826067144 3 
10.826067148 21
10.826067177 19
10.826067179 13
10.826067182 2 
10.826067194 3 
10.826067204 2 
10.826067207 28
10.826067207 16
10.826067213 9 
10.826067233 38
10.826067239 9 
10.826067244 49
10.826067252 49
10.826067270 13
10.826067271 19
10.826067277 36
10.826067297 23
10.826067299 41
10.826067299 28
10.826067299 16
10.826067306 0 
10.826067320 38
10.826067322 0 
10.826067373 36
10.826067381 41
10.826067487 14
10.826067493 5 
10.826067496 5 
10.826067527 31
10.826067549 43
10.826067572 8 
10.826067589 43
10.826067634 40
10.826067707 31
10.826067721 37
10.826067798 44
10.826067813 4 
10.826067868 7 
10.826067968 45
10.826068009 27
10.826068010 12
10.826068012 18
10.826068046 20
10.826914989 1 
10.826915018 51
10.826915043 25
10.826915049 50
10.826915062 39
10.826915090 10
10.826915118 17
10.826915128 48
10.826915131 52
10.826915143 46
10.826915148 21
10.826915194 3 
10.826915204 2 
10.826915239 9 
10.826915252 49
10.826915270 13
10.826915271 19
10.826915299 28
10.826915299 16
10.826915305 23
10.826915320 38
10.826915322 0 
10.826915373 36
10.826915381 41
10.826915496 5 
10.826915496 14
10.827350005 44
10.827350029 12
10.827350032 27
10.827350050 45
10.827350133 45
10.827350136 20
10.827350170 15
10.827350235 44
10.827350244 22
10.827350269 15
10.827350276 5 
10.827350331 0 
10.827350352 22
10.827350364 29
10.827350370 29
10.827350414 49
10.827350426 53
10.827350430 9 
10.827350450 34
10.827350452 53
10.827350467 43
10.827350479 0 
10.827350496 2 
10.827350504 49
10.827350533 11
10.827350534 26
10.827350536 3 
10.827350545 26
10.827350545 11
10.827350549 5 
10.827350552 6 
10.827350553 46
10.827350564 10
10.827350565 2 
10.827350577 6 
10.827350581 34
10.827350585 9 
10.827350625 32
10.827350635 8 
10.827350640 39
10.827350662 42
10.827350662 1 
10.827350688 10
10.827350688 43
10.827350709 23
10.827350710 46
10.827350711 3 
10.827350727 33
10.827350745 30
10.827350750 0 
10.827350775 32
10.827350788 49
10.827350789 39
10.827350836 26
10.827350836 11
10.827350842 6 
10.827350853 2 
10.827350853 8 
10.827350855 9 
10.827350967 10
10.827350977 3 
10.827350981 46
10.828198029 12
10.828198032 27
10.828198133 45
10.828198136 20
10.828198235 44
10.828198269 15
10.828198352 22
10.828198370 29
10.828198452 53
10.828198549 5 
10.828198581 34
10.828198688 43
10.828198750 0 
10.828198775 32
10.828198784 42
10.828198788 49
10.828198836 26
10.828198836 11
10.828198842 6 
10.828633420 11
10.828633423 26
10.828633455 5 
10.828633520 19
10.828633530 6 
10.828633616 30
10.828633634 47
10.828633648 51
10.828633712 30
10.828633728 44
10.828633732 35
10.828633794 37
10.828633813 7 
10.828633831 25
10.828633838 11
10.828633838 26
10.828633855 6 
10.828633877 45
10.828633936 27
10.828633938 12
10.828633942 18
10.828633945 50
10.828634002 20
10.828634074 32
10.828634191 5 
10.828634418 31
10.828634453 44
10.828634505 7 
10.828634525 4 
10.829481520 19
10.829481634 47
10.829481648 51
10.829481712 30
10.829481732 35
10.829481831 25
10.829481838 11
10.829481838 26
10.829481855 6 
10.829481945 50
10.829916029 1 
10.829916180 35
10.829916209 50
10.829916214 2 
10.829916262 49
10.829916362 11
10.829916365 26
10.829916468 6 
10.829916513 5 
10.829916513 14
10.829916527 30
10.829916541 19
10.829916589 8 
10.829916607 43
10.829916611 31
10.829916642 13
10.829916665 28
10.829916665 16
10.829916687 14
10.829916702 36
10.829916704 38
10.829916772 37
10.829916777 41
10.829916815 44
10.829916842 4 
10.829916857 33
10.829916888 23
10.829916976 31
10.829917415 49
10.829917458 5 
10.829917934 38
10.830764029 1 
10.830764180 35
10.830764209 50
10.830764214 2 
10.830764362 11
10.830764365 26
10.830764468 6 
10.830764527 30
10.830764541 19
10.830764642 13
10.830764665 28
10.830764665 16
10.830764687 14
10.830764702 36
10.830764888 23
10.830764976 31
10.830765038 8 
10.830765099 33
10.830765205 43
10.830765273 32
10.830765307 24
10.830765342 37
10.832118736 15
10.832118743 7 
10.832118756 44
10.832118779 4 
10.832118801 20
10.832118819 22
10.832118850 29
10.832118936 53
10.832119005 6 
10.832119008 29
10.832119022 5 
10.832119046 5 
10.832119063 26
10.832119066 11
10.832119087 53
10.832119143 4 
10.832119169 22
10.832119192 2 
10.832119222 0 
10.832119223 15
10.832119239 0 
10.832119259 5 
10.832119262 49
10.832119273 49
10.832119297 49
10.832119312 1 
10.832119328 9 
10.832119334 0 
10.832119335 10
10.832119343 9 
10.832119404 9 
10.832119422 0 
10.832119428 9 
10.832119444 46
10.832119453 46
10.832119454 5 
10.832119464 49
10.832119465 10
10.832119503 3 
10.832119535 39
10.832119556 2 
10.832119562 53
10.832119622 24
10.832119642 23
10.832119655 1 
10.832119720 53
10.832119727 14
10.832119807 40
10.832119838 50
10.832119873 35
10.832120138 25
10.832966743 7 
10.832966756 44
10.832966801 20
10.832967005 6 
10.832967008 29
10.832967063 26
10.832967066 11
10.832967143 4 
10.832967169 22
10.832967184 52
10.832967197 17
10.832967200 21
10.832967221 36
10.832967223 15
10.832967349 47
10.832967422 0 
10.832967428 9 
10.832967454 5 
10.832967464 49
10.832967476 51
10.832967503 3 
10.832967508 46
10.832967532 48
10.832967555 10
10.832967556 2 
10.832967596 39
10.832967655 1 
10.832967720 53
10.834250265 53
10.834250351 5 
10.834250359 37
10.834250392 34
10.834250486 43
10.834250571 32
10.834250596 42
10.834250651 8 
10.835259019 0 
10.835259200 23
10.835259205 5 
10.835259308 8 
10.835259395 14
10.835259517 44
10.835259517 34
10.835259546 40
10.835259595 7 
10.835259630 31
10.835259706 53
10.835259728 27
10.835259729 12
10.835259733 18
10.835259735 29
10.835259781 20
10.835259990 24
10.836107019 0 
10.836107200 23
10.836107205 5 
10.836107308 8 
10.836107395 14
10.836107517 44
10.836107517 34
10.836107546 40
10.836107595 7 
10.836107608 42
10.836541667 52
10.836541687 3 
10.836541693 0 
10.836541693 9 
10.836541736 23
10.836541743 46
10.836541771 5 
10.836541818 39
10.836541848 19
10.836541852 4 
10.836541857 28
10.836541857 16
10.836541906 36
10.836541937 47
10.836541946 51
10.836541962 15
10.836541973 44
10.836541974 13
10.836541974 28
10.836541974 16
10.836541975 22
10.836541987 48
10.836541992 41
10.836542019 50
10.836542034 35
10.836542040 30
10.836542041 45
10.836542065 7 
10.836542093 36
10.836542097 1 
10.836542130 25
10.836542131 27
10.836542134 12
10.836542210 39
10.836542236 48
10.836542240 19
10.836542247 50
10.836542262 34
10.836542272 46
10.836542278 51
10.836542329 29
10.836542331 9 
10.836542351 53
10.836542401 47
10.836542435 42
10.836542465 30
10.836542471 25
10.836542489 35
10.836542494 23
10.836542599 1 
10.836542685 50
10.836542706 39
10.836542773 46
10.836542773 44
10.836542826 7 
10.836542837 9 
10.836542975 27
10.836542975 12
10.836542990 15
10.837389667 52
10.837389687 3 
10.837389693 0 
10.837389771 5 
10.837389852 4 
10.837389974 13
10.837389974 28
10.837389974 16
10.837389992 41
10.837390041 45
10.837390093 36
10.837390236 48
10.837390240 19
10.837390278 51
10.837390401 47
10.837390465 30
10.837390471 25
10.837390489 35
10.837390599 1 
10.837390685 50
10.837390706 39
10.837414991 24
10.837824900 35
10.837824997 47
10.837825045 1 
10.837825104 10
10.837825106 46
10.837825138 3 
10.837825165 31
10.837825222 9 
10.837825278 14
10.837825278 2 
10.837825280 17
10.837825293 52
10.837825297 49
10.837825310 21
10.837825321 0 
10.837825403 40
10.837825406 11
10.837825409 26
10.837825421 13
10.837825434 19
10.837825452 28
10.837825452 16
10.837825465 38
10.837825488 8 
10.837825503 30
10.837825510 5 
10.837825516 41
10.837825533 36
10.837825545 43
10.838672900 35
10.838672997 47
10.838673045 1 
10.838673104 10
10.838673106 46
10.838673138 3 
10.838673165 31
10.838673222 9 
10.838673278 14
10.838673278 2 
10.838673280 17
10.838673293 52
10.838673297 49
10.838673310 21
10.838673406 11
10.838673409 26
10.838673421 13
10.838673434 19
10.838673452 28
10.838673452 16
10.838673465 38
10.838673502 6 
10.838673503 30
10.838673516 41
10.839108257 26
10.839108259 11
10.839108346 30
10.839108375 2 
10.839108558 10
10.839108572 19
10.839108609 1 
10.839108633 46
10.839108666 3 
10.839108681 39
10.839956196 6 
10.839956257 26
10.839956259 11
10.839956317 5 
10.839956346 30
10.839956374 49
10.839956375 2 
10.839956455 0 
10.839956539 9 
10.839956558 10
10.839956572 19
10.839956609 1 
10.839956633 46
10.839956634 43
10.839956634 37
10.840390870 13
10.840390907 38
10.840390968 36
10.840390992 41
10.840391011 21
10.840391039 52
10.840391042 17
10.840391198 48
10.840391220 51
10.840391308 47
10.840391401 35
10.840391417 25
10.840391488 1 
10.840391504 6 
10.840391510 26
10.840391510 11
10.840391549 2 
10.840391573 10
10.840391600 39
10.840391604 50
10.840391639 49
10.840391663 46
10.840391720 9 
10.840391723 3 
10.840391764 42
10.840391769 0 
10.840391848 34
10.840391865 50
10.840391881 5 
10.840392052 25
10.840392078 35
10.840392093 39
10.840392136 46
10.840392175 47
10.840392191 1 
10.840392216 10
10.840392395 49
10.840392404 2 
10.840392550 11
10.840392553 26
10.841238870 13
10.841238907 38
10.841238968 36
10.841238992 41
10.841239011 21
10.841239039 52
10.841239042 17
10.841239198 48
10.841239220 51
10.841239504 6 
10.841239809 14
10.841239865 50
10.841239869 23
10.841240052 25
10.841240078 35
10.841240093 39
10.841240109 3 
10.841240136 46
10.841240175 47
10.841240191 1 
10.841240216 10
10.841674607 3 
10.841674613 9 
10.841674613 0 
10.841674631 23
10.841674704 5 
10.841674763 47
10.841674776 51
10.841674816 48
10.841674830 14
10.841674841 30
10.841674860 35
10.841674960 25
10.841674967 11
10.841674967 26
10.841674977 11
10.841674980 26
10.841674982 40
10.841674983 6 
10.841675013 44
10.841675028 4 
10.841675073 31
10.841675074 50
10.841675077 6 
10.841675088 7 
10.841675147 9 
10.841675174 22
10.841675178 15
10.841675179 45
10.841675183 34
10.841675225 27
10.841675226 12
10.841675320 5 
10.841675512 14
10.841675582 44
10.841675662 40
10.842522607 3 
10.842522613 0 
10.842522631 23
10.842522763 47
10.842522776 51
10.842522816 48
10.842522841 30
10.842522860 35
10.842522960 25
10.842522977 11
10.842522980 26
10.842523074 50
10.842523147 9 
10.842547912 24
10.844874942 46
10.844874976 10
10.844874979 1 
10.844875061 9 
10.844875131 35
10.844875159 50
10.844875160 5 
10.844875164 2 
10.844875165 49
10.844875166 0 
10.844875167 23
10.844875179 47
10.844875306 37
10.844875312 11
10.844875315 26
10.844875338 43
10.844875357 0 
10.844875363 8 
10.844875365 14
10.844875367 5 
10.844875388 43
10.844875394 49
10.844875398 25
10.844875409 51
10.844875412 17
10.844875418 52
10.844875419 6 
10.844875445 21
10.844875459 11
10.844875459 26
10.844875477 30
10.844875480 6 
10.844875492 19
10.844875506 8 
10.844875516 32
10.844875518 40
10.844875520 48
10.844875561 37
10.844875561 31
10.844875607 33
10.844875632 33
10.844875676 30
10.844875680 42
10.844875726 32
10.844875879 19
10.844876007 40
10.844876080 36
10.844876128 13
10.844876132 28
10.844876132 16
10.844876197 38
10.844876230 48
10.845722942 46
10.845722976 10
10.845722979 1 
10.845723061 9 
10.845723131 35
10.845723159 50
10.845723164 2 
10.845723167 23
10.845723179 47
10.845723357 0 
10.845723365 14
10.845723367 5 
10.845723388 43
10.845723394 49
10.845723398 25
10.845723409 51
10.845723412 17
10.845723418 52
10.845723445 21
10.845723459 11
10.845723459 26
10.845723480 6 
10.845723506 8 
10.845723561 37
10.845723561 31
10.845723632 33
10.847076619 6 
10.847076672 2 
10.847076734 49
10.847076766 30
10.847076855 10
10.847076879 0 
10.847076879 1 
10.847076907 9 
10.847076955 46
10.847076975 39
10.847077006 3 
10.847077081 35
10.847077193 7 
10.847077237 50
10.847077324 45
10.847077340 25
10.847077343 27
10.847077343 12
10.847077343 18
10.847077352 20
10.847924619 6 
10.847924672 2 
10.847924734 49
10.847924766 30
10.847924855 10
10.847924879 0 
10.847924879 1 
10.847924906 5 
10.847924907 9 
10.847924943 34
10.847924955 46
10.847924975 39
10.847924996 42
10.847925006 3 
10.847925081 35
10.847925163 53
10.847925174 43
10.847925216 29
10.847925222 4 
10.847925237 50
10.847925264 8 
10.847925267 23
10.847925271 37
10.847925340 25
10.849247199 30
10.849247242 47
10.849247251 35
10.849247323 19
10.849247341 52
10.849247345 17
10.849247347 50
10.849247396 42
10.849247463 53
10.849247474 14
10.849247475 51
10.849247490 29
10.849247531 25
10.849317733 7 
10.849317773 45
10.849317823 44
10.849317856 29
10.849317910 15
10.849317940 4 
10.849317943 53
10.849317993 22
10.849318068 34
10.849318131 5 
10.849318194 37
10.849318272 42
10.849318308 43
10.849318334 0 
10.849318353 49
10.849318360 6 
10.849318369 26
10.849318370 11
10.849318408 2 
10.849318415 32
10.849318443 9 
10.849318475 8 
10.850165733 7 
10.850165773 45
10.850165823 44
10.850165856 29
10.850165910 15
10.850165940 4 
10.850165943 53
10.850165993 22
10.850166068 34
10.850166131 5 
10.850166194 37
10.850166272 42
10.850166308 43
10.850166334 0 
10.850166353 49
10.850166360 6 
10.850166369 26
10.850166370 11
10.854375179 34
10.854375340 53
10.854375354 6 
10.854375435 29
10.854375450 26
10.854375453 11
10.854375600 2 
10.854375628 49
10.854375637 5 
10.854375738 0 
10.854375958 43
10.854376094 8 
10.854376256 32
10.855223179 34
10.855223340 53
10.855223354 6 
10.855223426 30
10.855223435 29
10.855223450 26
10.855223453 11
10.855223600 2 
10.855223628 49
10.855223637 5 
10.855223641 19
10.855223738 0 
10.855223788 36
10.855223789 10
10.870863194 11
11.503562453 26
11.503562456 11
11.503562542 30
11.503562613 2 
11.503562670 49
11.503562794 10
11.503562810 0 
11.503562810 1 
11.503562860 9 
11.503562895 46
11.503562912 39
11.503562946 3 
11.503562996 35
11.503563030 7 
11.503563045 29
11.503563164 50
11.503563180 27
11.503563180 12
11.503563180 18
11.503563188 20
11.504410453 26
11.504410456 11
11.504410542 30
11.504410613 2 
11.504410670 49
11.504410734 42
11.504410794 10
11.504410806 5 
11.504410810 0 
11.504410810 1 
11.504410860 9 
11.504410895 46
11.504410912 39
11.504410946 3 
11.504410986 44
11.504410996 35
11.504411095 43
11.504411099 4 
11.504411164 50
11.504411170 45
11.504411177 37
11.507681404 11
11.508528785 51
11.508528895 48
11.508528897 52
11.508528971 2 
11.508529019 49
11.508529069 11
11.508529071 26
11.508529073 0 
11.508529123 30
11.508529152 6 
11.508529196 31
11.508529260 5 
11.508529281 8 
11.508529316 43
11.508529317 40
11.510495584 2 
11.510495646 49
11.510495767 10
11.510495791 1 
11.510495818 5 
11.510495854 34
11.510495867 46
11.510495887 39
11.510495925 52
11.510495938 42
11.510495945 47
11.510495957 19
11.510495993 35
11.510496042 17
11.510496043 44
11.510496075 53
11.510496091 7 
11.510496128 29
11.510496134 4 
11.510496144 51
11.510496149 50
11.510496183 37
11.510496228 45
11.510496241 12
11.510496241 18
11.510496241 27
11.510496247 23
11.510496250 20
11.510496276 15
11.510496304 22
11.510496367 14
11.510496424 33
11.510496442 32
11.510496514 40
11.511343584 2 
11.511343646 49
11.511343767 10
11.511343791 1 
11.511343818 5 
11.511343854 34
11.511343867 46
11.511343887 39
11.511343908 42
11.511343925 52
11.511343939 19
11.511343945 47
11.511343993 35
11.511344042 17
11.511344043 44
11.511344052 36
11.511344061 21
11.511344075 53
11.511344091 7 
11.511344093 13
11.511344097 28
11.511344097 16
11.511344128 29
11.511344134 4 
11.511344144 51
11.511344149 50
11.511344162 38
11.511344183 37
11.511344228 45
11.511344229 48
11.511344241 12
11.511344241 18
11.511344241 27
11.511344247 23
11.511344250 41
11.511344250 20
11.511344251 25
11.515491141 15
11.515491156 7 
11.515491170 44
11.515491182 4 
11.515491215 20
11.515491224 22
11.515491422 29
11.515491434 37
11.515491460 5 
11.515491500 53
11.515491560 43
11.515491594 34
11.515491647 32
11.515491652 0 
11.515491710 49
11.515491725 8 
11.515491773 33
11.515491788 11
11.515491788 26
11.515491804 42
11.515491809 6 
11.516339141 15
11.516339156 7 
11.516339170 44
11.516339182 4 
11.516339215 20
11.516339224 22
11.516339422 29
11.516339434 37
11.516339460 5 
11.516339500 53
11.516339560 43
11.516339594 34
11.516339647 32
11.516339652 0 
11.516339710 49
11.516339773 9 
11.516339783 2 
11.516339788 11
11.516339788 26
11.516339804 42
11.516339809 6 
11.518612021 14
11.518612038 40
11.518612077 50
11.518612079 23
11.518612264 25
11.518612441 8 
11.518612445 51
11.518612515 48
11.518612579 33
11.518612644 17
11.518612726 21
11.518612753 37
11.518612785 13
11.518612817 28
11.518612817 16
11.518612818 38
11.518612912 36
11.518612961 4 
11.518613039 44
11.519460021 14
11.519460038 40
11.519460077 50
11.519460079 23
11.519460264 25
11.519935141 44
11.519935211 7 
11.519935215 37
11.519935251 10
11.519935260 1 
11.519935261 39
11.519935263 11
11.519935264 26
11.519935285 6 
11.519935330 46
11.519935342 43
11.519935357 20
11.519935387 3 
11.519935392 30
11.519935458 32
11.519935505 8 
11.519935506 29
11.519935563 53
11.519935563 33
11.519935565 50
11.519935586 34
11.519935602 42
11.519935612 23
11.519935650 34
11.519935669 11
11.519935670 26
11.519935673 3 
11.519935689 46
11.519935700 10
11.519935708 14
11.519935714 6 
11.519935776 39
11.519935798 1 
11.519935909 30
11.519936069 50
11.520783141 44
11.520783211 7 
11.520783215 37
11.520783342 43
11.520783357 20
11.520783458 32
11.520783505 8 
11.520783506 29
11.520783563 53
11.520783563 33
11.520783669 11
11.520783670 26
11.520783673 3 
11.520783689 46
11.520783700 10
11.520783714 6 
11.520783776 39
11.522156511 25
11.522156553 47
11.522156596 35
11.522156793 19
11.522156806 1 
11.522156906 10
11.522156923 36
11.522156954 46
11.522156981 30
11.522156985 2 
11.522157001 3 
11.522157032 11
11.522157034 26
11.522157046 9 
11.522157054 49
11.522157083 6 
11.522157139 0 
11.522157163 31
11.522157308 5 
11.522157375 8 
11.522157377 40
11.522157402 43
11.523004511 25
11.523004553 47
11.523004596 35
11.523004793 19
11.523004806 1 
11.523004906 10
11.523004954 46
11.523004981 30
11.523004985 2 
11.523005001 3 
11.523005032 11
11.523005034 26
11.523005046 9 
11.523005054 49
11.523005083 6 
11.523005139 0 
11.523480016 0 
11.523480093 9 
11.523480146 49
11.523480154 3 
11.523480190 46
11.523480237 10
11.523480238 2 
11.523480278 39
11.523480326 11
11.523480329 26
11.523480337 1 
11.523480401 6 
11.523480539 50
11.523480579 42
11.524327941 5 
11.524327985 44
11.524328016 0 
11.524328068 7 
11.524328093 9 
11.524328146 49
11.524328154 3 
11.524328190 46
11.524328221 20
11.524328237 10
11.524328238 2 
11.524328245 23
11.524328278 39
11.524328313 14
11.524328326 11
11.524328329 26
11.524328337 1 
11.524328357 29
11.524328377 34
11.524328378 40
11.524328401 6 
11.524328402 53
11.524762437 10
11.524762463 39
11.524762512 46
11.524762573 2 
11.524762573 3 
11.524762582 9 
11.524762609 49
11.524762654 7 
11.524762670 0 
11.524762697 50
11.524762701 11
11.524762703 18
11.524762704 26
11.524762711 12
11.524762714 27
11.524762730 44
11.524762795 45
11.524762801 6 
11.524762850 5 
11.524762861 23
11.524762903 4 
11.524762931 15
11.524762952 5 
11.524762976 14
11.524763011 22
11.524763023 6 
11.524763128 40
11.524763174 4 
11.524763187 30
11.524763261 41
11.524763320 22
11.524763324 15
11.524763624 24
11.525610437 10
11.525610463 39
11.525610512 46
11.525610573 2 
11.525610573 3 
11.525610582 9 
11.525610609 49
11.525610654 7 
11.525610670 0 
11.525610697 50
11.525610701 11
11.525610703 18
11.525610704 26
11.525610711 12
11.525610714 27
11.525610730 44
11.525610795 45
11.525610861 23
11.525610952 5 
11.525610976 14
11.525611023 6 
11.525611128 40
11.525611143 31
11.525611187 30
11.526086628 10
11.526086639 0 
11.526086749 49
11.526086792 5 
11.526086797 2 
11.526087033 44
11.526087104 45
11.526087167 19
11.526087195 27
11.526087198 12
11.526087206 18
11.526087307 36
11.526934372 8 
11.526934465 3 
11.526934498 50
11.526934520 46
11.526934533 39
11.526934538 43
11.526934553 9 
11.526934606 32
11.526934628 10
11.526934639 0 
11.526934659 1 
11.526934676 37
11.526934682 35
11.527369080 35
11.527369084 50
11.527369105 47
11.527369118 50
11.527369151 8 
11.527369174 43
11.527369236 17
11.527369293 52
11.527369295 21
11.527369331 37
11.527369346 13
11.527369379 28
11.527369379 16
11.527369396 19
11.527369411 38
11.527369422 33
11.527369467 31
11.527369491 41
11.527369493 36
11.527369493 32
11.527369555 4 
11.527369622 30
11.527369652 17
11.527369656 44
11.527369723 30
11.527369731 21
11.527369749 7 
11.527369842 38
11.527369855 34
11.527369990 42
11.527370049 37
11.527370065 33
11.528217080 35
11.528217105 47
11.528217118 50
11.528217151 8 
11.528217174 43
11.528217293 52
11.528217346 13
11.528217379 28
11.528217379 16
11.528217396 19
11.528217467 31
11.528217493 36
11.531408501 49
11.531408506 46
11.531408549 10
11.531408549 9 
11.531408557 39
11.531408567 3 
11.531408580 0 
11.531408592 2 
11.531408643 1 
11.531408669 5 
11.531408699 11
11.531408702 26
11.531408838 23
11.531408930 7 
11.531408943 14
11.531408974 42
11.532256501 49
11.532751401 13
11.532751437 41
11.532751448 21
11.532751520 36
11.532751521 17
11.532751555 19
11.532751584 52
11.532751663 48
11.532751705 51
11.532751828 47
11.532751892 30
11.532751898 25
11.532751916 35
11.532752025 1 
11.532752066 6 
11.532752069 26
11.532752070 11
11.532752102 2 
11.532752111 50
11.532752115 10
11.532752133 39
11.532752191 49
11.532752200 46
11.532752517 43
11.533599401 13
11.533599437 41
11.533599448 21
11.533599520 36
11.533599521 17
11.533599555 19
11.533599584 52
11.533599663 48
11.533599705 51
11.533599828 47
11.533599892 30
11.533599898 25
11.533599916 35
11.533600025 1 
11.533600066 6 
11.533600069 26
11.533600070 11
11.533600102 2 
11.533600111 50
11.533600115 10
11.533600133 39
11.534055053 45
11.534055064 4 
11.534055151 27
11.534055154 12
11.534055164 18
11.534055180 44
11.534055249 37
11.534055281 20
11.534055399 5 
11.534055410 43
11.534055481 32
11.534055561 8 
11.534055569 0 
11.534055583 33
11.534055632 34
11.534055653 49
11.534055681 9 
11.534055735 2 
11.534055765 11
11.534055766 26
11.534055768 3 
11.534055788 46
11.534055802 10
11.534055803 6 
11.534055845 42
11.534903053 45
11.534903064 4 
11.534903151 27
11.534903154 12
11.534903164 18
11.534903180 44
11.534903249 37
11.534903281 20
11.534903399 5 
11.534903410 43
11.534903481 32
11.534903561 8 
11.534903569 0 
11.534903632 34
11.534903653 49
11.534903681 9 
11.534903735 2 
12.631131882 3 
12.645487329 1 
