0.003808903 13 
0.003808919 10 
0.003809056 53 
0.003809079 37 
0.003809132 11 
0.003809132 18 
0.003809144 28 
0.003809195 25 
0.003809239 48 
0.003809246 51 
0.003809270 2 
0.003809313 34 
0.003809328 35 
0.003809383 31 
0.003809545 38 
0.004656903 13 
0.004656919 10 
0.004657056 53 
0.004657079 37 
0.004657132 11 
0.004657132 18 
0.004657144 28 
0.004657195 25 
0.004657239 48 
0.004657246 51 
0.004657270 2 
0.009744202 19 
0.009744213 13 
0.009744238 18 
0.009744241 25 
0.009744269 1 
0.009744299 28 
0.009744312 53 
0.009744367 11 
0.009744413 37 
0.009744469 48 
0.009744535 35 
0.009744597 21 
0.009744637 23 
0.009744721 31 
0.009744781 38 
0.009744943 3 
0.009744971 33 
0.009744972 46 
0.010592202 19 
0.010592213 13 
0.010592238 18 
0.010592241 25 
0.010592269 1 
0.010592299 28 
0.010592312 53 
0.010592367 11 
0.010592413 37 
0.010592469 48 
0.012843704 17 
0.012843755 8 
0.012843802 22 
0.012843823 47 
0.012843832 0 
0.012843878 3 
0.012843910 46 
0.012843943 33 
0.012843976 33 
0.012843979 46 
0.012843991 6 
0.012843995 3 
0.012844110 22 
0.012844136 0 
0.012844195 8 
0.012844220 23 
0.012844243 21 
0.012844253 35 
0.012844273 40 
0.012844277 45 
0.012844356 51 
0.012844409 45 
0.012844430 34 
0.012844497 31 
0.012844783 6 
0.013691704 17 
0.013691823 47 
0.013691976 33 
0.013691979 46 
0.013691995 3 
0.013692110 22 
0.013692136 0 
0.013692195 8 
0.013692220 23 
0.013692295 35 
0.013692323 21 
0.014126664 35 
0.014126752 21 
0.014126934 7 
0.014126965 38 
0.014126984 3 
0.014127097 46 
0.014127108 27 
0.014127143 19 
0.014127158 13 
0.014127159 33 
0.014127167 40 
0.014127180 25 
0.014127210 10 
0.014127264 5 
0.014127287 51 
0.014127304 39 
0.014127310 28 
0.014127345 1 
0.014127347 6 
0.014127350 40 
0.014127352 53 
0.014127358 16 
0.014127368 2 
0.014127374 12 
0.014127380 49 
0.014127416 37 
0.014127416 36 
0.014127422 20 
0.014127422 41 
0.014127446 29 
0.014127460 47 
0.014127481 43 
0.014127484 50 
0.014127509 24 
0.014127532 15 
0.014127556 9 
0.014127557 4 
0.014127574 13 
0.014127649 6 
0.014127650 8 
0.014127654 17 
0.014127739 28 
0.014127800 12 
0.014127805 47 
0.014127820 3 
0.014127834 49 
0.014127884 41 
0.014127902 33 
0.014127911 2 
0.014127912 29 
0.014127946 46 
0.014127983 38 
0.014128010 50 
0.014128044 43 
0.014128089 5 
0.014128119 17 
0.014128133 36 
0.014128134 20 
0.014128137 8 
0.014128140 15 
0.014128291 27 
0.014974664 35 
0.014974752 21 
0.014974934 7 
0.014975143 19 
0.014975180 25 
0.014975210 10 
0.014975287 51 
0.014975304 39 
0.014975345 1 
0.014975350 40 
0.014975352 53 
0.014975358 16 
0.014975416 37 
0.014975574 13 
0.014975649 6 
0.014975739 28 
0.014975800 12 
0.014975805 47 
0.014975834 49 
0.014975884 41 
0.014975911 2 
0.014975912 29 
0.014976010 50 
0.015410401 49 
0.015410420 12 
0.015410444 39 
0.015410532 10 
0.015410533 47 
0.015410551 16 
0.015410598 53 
0.015410648 6 
0.015410722 18 
0.015410725 1 
0.015410737 19 
0.015410895 25 
0.015410935 32 
0.015410956 52 
0.015411020 5 
0.015411076 28 
0.015411115 41 
0.015411178 50 
0.015411201 43 
0.016258401 49 
0.016258420 12 
0.016258444 39 
0.016258532 10 
0.016258533 47 
0.016258551 16 
0.016258598 53 
0.016258648 6 
0.016258722 18 
0.016258725 1 
0.016258737 19 
0.016258895 25 
0.018510060 0 
0.018510093 49 
0.018510115 8 
0.018510146 12 
0.018510162 3 
0.018510192 39 
0.018510203 10 
0.018510227 2 
0.018510248 8 
0.018510257 47 
0.018510262 22 
0.018510274 23 
0.018510276 26 
0.018510278 48 
0.018510312 20 
0.018510325 2 
0.018510336 21 
0.018510348 6 
0.018510348 15 
0.018510352 17 
0.018510357 17 
0.018510373 11 
0.018510395 19 
0.018510397 39 
0.018510407 23 
0.018510459 48 
0.018510480 35 
0.018510484 26 
0.018510485 15 
0.018510506 20 
0.018510523 30 
0.018510533 21 
0.018510577 40 
0.018510580 24 
0.018510587 19 
0.018510611 11 
0.018510654 51 
0.018510657 4 
0.018510674 45 
0.018510698 9 
0.018510709 37 
0.018510720 13 
0.018510737 35 
0.018510745 34 
0.018510745 35 
0.018510772 45 
0.018510780 30 
0.018510792 7 
0.018510801 44 
0.018510836 32 
0.018510854 28 
0.018510854 21 
0.018510872 40 
0.018510890 41 
0.018510911 13 
0.018510913 26 
0.018510917 36 
0.018510921 52 
0.018510926 48 
0.018510939 51 
0.018510942 5 
0.018510950 37 
0.018510968 23 
0.018510970 50 
0.018510970 42 
0.018510996 43 
0.018511022 50 
0.018511025 36 
0.018511039 34 
0.018511040 43 
0.018511047 27 
0.018511129 31 
0.018511217 19 
0.018511300 11 
0.018511373 7 
0.018511404 30 
0.019358060 0 
0.019358093 49 
0.019358146 12 
0.019358162 3 
0.019358203 10 
0.019358248 8 
0.019358257 47 
0.019358262 22 
0.019358325 2 
0.019358348 6 
0.019358357 17 
0.019358397 39 
0.019358485 15 
0.019358506 20 
0.019358580 24 
0.019358657 4 
0.019358698 9 
0.019358745 35 
0.019358772 45 
0.019358801 44 
0.019358836 32 
0.019358854 21 
0.019358913 26 
0.019358926 48 
0.019358942 5 
0.019358968 23 
0.019359077 28 
0.019359097 41 
0.019359124 42 
0.020731697 43 
0.020731787 28 
0.020731848 41 
0.020731906 5 
0.020731998 25 
0.020732046 25 
0.020732096 16 
0.020732102 18 
0.020732105 18 
0.020732155 13 
0.020732156 16 
0.020732177 1 
0.020732187 53 
0.020732192 1 
0.020732211 53 
0.020732215 38 
0.020732278 19 
0.020732311 23 
0.020732313 37 
0.020732316 11 
0.020732324 23 
0.020732324 38 
0.020732349 19 
0.020732357 30 
0.020732369 2 
0.020732380 39 
0.020732386 11 
0.020732406 2 
0.020732431 39 
0.020732475 51 
0.020732500 40 
0.020732503 8 
0.020732524 49 
0.020732547 34 
0.020732558 29 
0.021579697 43 
0.021579787 28 
0.021579848 41 
0.021579906 5 
0.021580046 25 
0.021580105 18 
0.021580155 13 
0.021580156 16 
0.021580192 1 
0.021580211 53 
0.021580313 37 
0.021580324 23 
0.021580324 38 
0.021580349 19 
0.021580357 30 
0.021580386 11 
0.021580406 2 
0.022773402 46 
0.022773409 24 
0.022773419 22 
0.022773461 33 
0.022773555 14 
0.022773562 42 
0.022773670 17 
0.022773861 15 
0.022773865 45 
0.022773882 12 
0.022774062 20 
0.022774119 10 
0.022774127 47 
0.022774260 6 
0.022774507 40 
0.022774604 37 
0.023621402 46 
0.023621409 24 
0.023621419 22 
0.023621461 33 
0.023621554 27 
0.023621555 14 
0.023621562 42 
0.023621670 17 
0.023621861 15 
0.023621865 45 
0.023621882 12 
0.023621933 44 
0.023621940 9 
0.024076312 52 
0.024076468 9 
0.024076474 44 
0.024076689 20 
0.024076748 15 
0.024076763 17 
0.024076795 12 
0.024076824 49 
0.024076869 29 
0.024076896 10 
0.024076899 6 
0.024076927 0 
0.024076940 47 
0.024076961 47 
0.024077005 10 
0.024077044 24 
0.024077046 6 
0.024077060 29 
0.024077081 49 
0.024077085 33 
0.024077150 12 
0.024077156 46 
0.024077200 15 
0.024077327 35 
0.024924312 52 
0.024924468 9 
0.024924474 44 
0.024924689 20 
0.024924763 17 
0.024924961 47 
0.024925005 10 
0.025360105 50 
0.025360184 47 
0.025360194 33 
0.025360195 41 
0.025360224 10 
0.025360233 29 
0.025360239 46 
0.025360273 49 
0.025360317 6 
0.025360346 5 
0.025360352 22 
0.025360394 16 
0.025360401 14 
0.025360408 24 
0.025360443 7 
0.025360477 13 
0.025360533 38 
0.025360573 26 
0.025360636 37 
0.025360651 40 
0.025360660 30 
0.025360671 30 
0.025360703 35 
0.025360735 51 
0.025360770 35 
0.025360792 34 
0.025360857 49 
0.025360880 29 
0.025360893 45 
0.025360978 6 
0.025361024 47 
0.025361075 22 
0.025361109 10 
0.025361138 33 
0.025361140 46 
0.026208105 50 
0.026208195 41 
0.026208346 5 
0.026208394 16 
0.026208477 13 
0.026208533 38 
0.026208573 26 
0.026208636 37 
0.026208790 51 
0.026643217 46 
0.026643320 22 
0.026643377 24 
0.026643390 14 
0.026643460 7 
0.026643521 17 
0.026643542 12 
0.026643572 15 
0.026643626 29 
0.026643705 49 
0.026643717 42 
0.026643764 35 
0.026643773 11 
0.026643807 47 
0.026643808 19 
0.026643811 8 
0.026643814 10 
0.026643855 26 
0.026643888 45 
0.026643897 20 
0.026643938 6 
0.026644118 30 
0.026644141 16 
0.026644180 5 
0.026644187 40 
0.026644199 38 
0.026644274 13 
0.027491217 46 
0.027491320 22 
0.027491377 24 
0.027491390 14 
0.027491460 7 
0.027491521 17 
0.027491542 12 
0.027491572 15 
0.027491626 29 
0.027491705 49 
0.027491717 42 
0.027491761 9 
0.027491764 35 
0.027491769 44 
0.027491773 11 
0.027491807 47 
0.027491808 19 
0.027491811 8 
0.027491814 10 
0.027491850 32 
0.027491855 26 
0.027491859 4 
0.027491866 27 
0.027491888 45 
0.027491897 20 
0.027491938 6 
0.027491941 52 
0.028844680 29 
0.028844689 11 
0.028844725 19 
0.028844777 2 
0.028844781 8 
0.028844789 21 
0.028844848 47 
0.028844871 6 
0.028844879 23 
0.028844934 0 
0.028844963 53 
0.028844992 30 
0.028845004 1 
0.028845014 15 
0.028845036 10 
0.028845038 48 
0.028845039 40 
0.028845099 3 
0.028845111 16 
0.028845114 25 
0.028845115 12 
0.028845116 51 
0.028845117 18 
0.028845121 33 
0.028845123 5 
0.028845135 20 
0.028845178 37 
0.028845181 46 
0.028845199 13 
0.028845207 34 
0.028845214 22 
0.028845289 31 
0.028845303 14 
0.028845331 35 
0.028845342 17 
0.028845360 4 
0.028845362 32 
0.028845365 9 
0.028845389 41 
0.028845391 26 
0.028845400 44 
0.028845422 52 
0.028845476 50 
0.028845505 43 
0.028845522 28 
0.029692680 29 
0.029692689 11 
0.029692725 19 
0.029692777 2 
0.029692781 8 
0.029692789 21 
0.029692848 47 
0.029692871 6 
0.029692879 23 
0.029692934 0 
0.029692963 53 
0.029692992 30 
0.029693004 1 
0.029693014 15 
0.029693036 10 
0.029693038 48 
0.029693039 40 
0.029693099 3 
0.029693111 16 
0.029693114 25 
0.029693115 12 
0.029693116 51 
0.029693117 18 
0.029693121 33 
0.029693123 5 
0.029693135 20 
0.029693178 37 
0.029693181 46 
0.029693199 13 
0.029693207 34 
0.029693214 22 
0.029693289 31 
0.029693303 14 
0.029693331 35 
0.030127374 6 
0.030127482 19 
0.030127524 49 
0.030127557 11 
0.030127588 39 
0.030127602 29 
0.030127632 21 
0.030127651 2 
0.030127753 0 
0.030127765 18 
0.030127792 1 
0.030127832 53 
0.030127842 53 
0.030127906 2 
0.030127917 46 
0.030127949 21 
0.030127958 33 
0.030127996 18 
0.030128000 39 
0.030128035 28 
0.030128055 11 
0.030128062 29 
0.030128088 33 
0.030128108 49 
0.030128206 50 
0.030128209 43 
0.030128225 41 
0.030128390 17 
0.030128403 36 
0.030975374 6 
0.030975482 19 
0.030975753 0 
0.030975792 1 
0.030975842 53 
0.030975906 2 
0.030975917 46 
0.030975949 21 
0.030976000 39 
0.030976045 7 
0.030976055 11 
0.030976062 29 
0.030976071 24 
0.030976108 49 
0.031410822 1 
0.031410831 53 
0.031410862 25 
0.031410878 18 
0.031410913 21 
0.031410924 39 
0.031410927 2 
0.031410927 11 
0.031410966 3 
0.031410978 48 
0.031411018 23 
0.031411027 26 
0.031411045 8 
0.031411061 49 
0.031411084 38 
0.031411102 29 
0.031411161 19 
0.031411196 47 
0.031411288 40 
0.032258822 1 
0.032258831 53 
0.032258862 25 
0.032258878 18 
0.032258913 21 
0.032258924 39 
0.032258927 2 
0.032258927 11 
0.032258966 3 
0.032258978 48 
0.032259027 26 
0.032693128 53 
0.032693163 1 
0.032693205 48 
0.032693260 3 
0.032693289 23 
0.032693294 0 
0.032693321 25 
0.032693366 8 
0.032693386 16 
0.032693453 30 
0.032693480 16 
0.032693501 35 
0.032693537 36 
0.032693569 30 
0.032693592 22 
0.032693599 23 
0.032693604 40 
0.032693621 8 
0.032693628 41 
0.032693629 51 
0.032693631 41 
0.032693636 6 
0.032693636 43 
0.032693642 51 
0.032693646 33 
0.032693650 46 
0.032693660 50 
0.032693668 26 
0.032693675 38 
0.032693680 40 
0.032693700 14 
0.032693711 34 
0.032693749 45 
0.032693752 15 
0.032693757 50 
0.032693767 41 
0.032693767 26 
0.032693771 14 
0.032693789 31 
0.032693791 43 
0.032693838 10 
0.032693861 25 
0.032693919 20 
0.032693940 12 
0.032693944 45 
0.032693950 6 
0.032693976 35 
0.032693992 22 
0.032694013 17 
0.032694051 47 
0.032694062 35 
0.032694063 25 
0.032694088 46 
0.032694166 33 
0.032694246 0 
0.032694268 26 
0.032694274 25 
0.032694306 26 
0.032694342 19 
0.032694359 47 
0.032694479 6 
0.032694482 33 
0.032694498 6 
0.032694513 33 
0.032694555 46 
0.032694657 0 
0.032694988 25 
0.033541128 53 
0.033541163 1 
0.033541205 48 
0.033541260 3 
0.033541480 16 
0.033541537 36 
0.033541569 30 
0.033541599 23 
0.033541621 8 
0.033541642 51 
0.033541675 38 
0.033541680 40 
0.033541711 34 
0.033541757 50 
0.033541767 41 
0.033541771 14 
0.033541789 31 
0.033541791 43 
0.033541902 9 
0.033541933 44 
0.033541944 45 
0.033541988 24 
0.033541992 22 
0.033542010 7 
0.033542058 12 
0.033542062 35 
0.033542133 20 
0.033542136 15 
0.033542146 17 
0.033542160 10 
0.033542342 19 
0.033542359 47 
0.033542555 46 
0.033977139 52 
0.033977207 4 
0.033977211 32 
0.033977295 9 
0.033977302 44 
0.033977471 12 
0.033977503 20 
0.033977537 17 
0.033977552 10 
0.033977575 15 
0.033977650 15 
0.033977714 19 
0.033977714 19 
0.033977768 47 
0.033977768 47 
0.033977804 10 
0.033977873 6 
0.033977888 29 
0.033977908 49 
0.033977913 33 
0.033977983 46 
0.033978094 7 
0.033978191 24 
0.033978251 30 
0.033978359 5 
0.034825139 52 
0.034825207 4 
0.034825211 32 
0.034825295 9 
0.034825302 44 
0.034825471 12 
0.034825503 20 
0.034825537 17 
0.034825650 15 
0.034825714 19 
0.034825768 47 
0.035621260 0 
0.035621636 42 
0.036468302 52 
0.036468370 4 
0.036468373 32 
0.036468458 9 
0.036468464 44 
0.036468628 12 
0.036468665 20 
0.036468700 17 
0.036468715 10 
0.036468738 15 
0.036468822 19 
0.036468930 47 
0.036904056 6 
0.036904108 21 
0.036904199 11 
0.036904202 47 
0.036904248 49 
0.036904249 39 
0.036904296 41 
0.036904325 19 
0.036904326 29 
0.036904335 2 
0.036904346 10 
0.036904359 53 
0.036904369 20 
0.036904401 1 
0.036904409 45 
0.036904414 35 
0.036904445 25 
0.036904461 18 
0.036904574 3 
0.036904639 48 
0.036904720 4 
0.036904731 32 
0.036904738 52 
0.036904765 42 
0.036904885 2 
0.036904942 16 
0.036904969 39 
0.036905018 11 
0.036905057 27 
0.036905078 29 
0.036905105 49 
0.036905397 19 
0.036905485 10 
0.037752056 6 
0.037752108 21 
0.037752202 47 
0.037752409 45 
0.037752410 28 
0.037752414 35 
0.037752445 25 
0.037752574 3 
0.037752594 18 
0.037752639 48 
0.037752686 1 
0.037752712 36 
0.037752734 53 
0.037752765 42 
0.037752797 43 
0.037752811 50 
0.038188293 39 
0.038188314 49 
0.038188485 10 
0.038188816 25 
0.038188873 35 
0.039036340 29 
0.039036348 2 
0.041981494 40 
0.041981524 30 
0.041981647 9 
0.041981715 3 
0.041981730 16 
0.041981749 21 
0.041981772 15 
0.041981774 32 
0.041981789 4 
0.041981832 33 
0.041981860 52 
0.041981887 46 
0.041981905 55 
0.041981905 54 
0.041981924 19 
0.041981959 7 
0.041982001 22 
0.041982126 0 
0.041982219 0 
0.041982249 19 
0.041982250 3 
0.041982533 18 
0.041982792 14 
0.042829172 49 
0.042829214 29 
0.042829489 37 
0.042829494 40 
0.042829509 8 
0.042829524 30 
0.042829636 13 
0.042829647 9 
0.042829730 16 
0.042829749 21 
0.042829772 15 
0.042829774 32 
0.042829789 4 
0.042829832 33 
0.042829860 52 
0.042829887 46 
0.042829905 55 
0.042829905 54 
0.042829949 41 
0.042830001 22 
0.042830074 50 
0.042830109 43 
0.042830193 36 
0.043265107 47 
0.043265208 29 
0.043265233 49 
0.043265285 48 
0.043265290 3 
0.043265370 14 
0.043265382 0 
0.043265398 42 
0.043265415 0 
0.043265417 18 
0.043265427 22 
0.043265428 46 
0.043265454 1 
0.043265490 33 
0.043265495 53 
0.043265540 33 
0.043265589 46 
0.043265618 53 
0.043265649 3 
0.043265651 1 
0.043265701 29 
0.043265705 28 
0.043265747 36 
0.043265754 49 
0.043265812 43 
0.043265815 50 
0.043265976 48 
0.043266230 18 
0.044113107 47 
0.044113370 14 
0.044113398 42 
0.044113590 22 
0.044113629 46 
0.044113702 33 
0.044548642 47 
0.044548761 49 
0.044548794 15 
0.044548817 10 
0.044548829 29 
0.044548830 40 
0.044548877 30 
0.044548914 51 
0.044548918 5 
0.044548931 29 
0.044548936 37 
0.044548937 8 
0.044548943 51 
0.044548952 34 
0.044548978 15 
0.044549019 31 
0.044549026 40 
0.044549063 30 
0.044549091 13 
0.044549104 16 
0.044549106 33 
0.044549135 17 
0.044549140 0 
0.044549153 16 
0.044549185 46 
0.044549191 0 
0.044549196 13 
0.044549219 16 
0.044549232 48 
0.044549240 18 
0.044549253 18 
0.044549281 22 
0.044549289 3 
0.044549295 33 
0.044549317 1 
0.044549350 48 
0.044549363 46 
0.044549379 1 
0.044549415 3 
0.044549492 18 
0.044549528 35 
0.044549561 29 
0.044549649 0 
0.044549705 29 
0.044549747 48 
0.044549776 3 
0.044549823 26 
0.044550005 33 
0.045396642 47 
0.045396761 49 
0.045396817 10 
0.045396918 5 
0.045396936 37 
0.045396937 8 
0.045396943 51 
0.045396952 34 
0.045396978 15 
0.045397019 31 
0.045397026 40 
0.045397063 30 
0.045397196 13 
0.045397219 16 
0.045397431 38 
0.045397547 1 
0.045397594 18 
0.045832592 48 
0.045832637 29 
0.045832672 2 
0.045832716 49 
0.045832733 39 
0.045832773 11 
0.045832792 1 
0.045832793 53 
0.045832829 47 
0.045832862 18 
0.045832957 6 
0.046680462 0 
0.046680592 48 
0.046680602 15 
0.046680630 3 
0.046680637 29 
0.046680672 2 
0.046680674 35 
0.046680716 49 
0.046680733 39 
0.046680773 11 
0.046680778 45 
0.046680781 9 
0.046680787 44 
0.046680792 1 
0.046680793 53 
0.046680829 47 
0.046680862 18 
0.046680869 10 
0.046680874 32 
0.046680884 4 
0.046680910 19 
0.048053417 19 
0.048053490 47 
0.048053519 9 
0.048053546 4 
0.048053558 32 
0.048053566 52 
0.048053576 6 
0.048053640 32 
0.048053642 12 
0.048053656 4 
0.048053667 55 
0.048053667 54 
0.048053674 49 
0.048053687 29 
0.048053695 21 
0.048053713 52 
0.048053713 17 
0.048053715 0 
0.048053748 55 
0.048053748 54 
0.048053795 11 
0.048053820 19 
0.048053827 39 
0.048053845 48 
0.048053883 3 
0.048053891 29 
0.048053892 2 
0.048053897 40 
0.048053925 2 
0.048053951 30 
0.048053969 49 
0.048053981 51 
0.048053986 39 
0.048054026 11 
0.048054030 35 
0.048054045 1 
0.048054047 53 
0.048054053 34 
0.048054082 53 
0.048054123 1 
0.048054137 25 
0.048054196 29 
0.048054217 45 
0.048054237 18 
0.048054238 49 
0.048054248 27 
0.048054287 6 
0.048054340 21 
0.048054370 11 
0.048054370 30 
0.048054374 39 
0.048054391 2 
0.048054448 40 
0.048054516 5 
0.048901490 47 
0.048901519 9 
0.048901640 32 
0.048901642 12 
0.048901656 4 
0.048901713 52 
0.048901713 17 
0.048901715 0 
0.048901748 55 
0.048901748 54 
0.048901820 19 
0.048901845 48 
0.048901883 3 
0.048902196 29 
0.048902238 49 
0.048902287 6 
0.049336897 3 
0.050184354 49 
0.050184396 29 
0.050184424 21 
0.050184489 15 
0.050184585 19 
0.050184625 40 
0.050184644 30 
0.050184709 51 
0.050184715 0 
0.050184736 5 
0.050184736 4 
0.050184743 32 
0.050184777 34 
0.050184782 52 
0.050184789 9 
0.050184821 37 
0.050184822 12 
0.050184822 33 
0.050184830 44 
0.050184835 16 
0.050184842 31 
0.050184862 17 
0.050184879 23 
0.050184885 13 
0.050184889 8 
0.050184891 55 
0.050184891 54 
0.050184893 46 
0.050184897 3 
0.050184950 22 
0.054269030 37 
0.054269047 8 
0.054269097 53 
0.054269097 1 
0.054269098 30 
0.054269138 5 
0.054269179 23 
0.054269195 18 
0.054269197 51 
0.054269262 2 
0.054269264 34 
0.054269301 3 
0.054269314 48 
0.054269335 31 
0.054269428 0 
0.054269737 38 
0.054269783 33 
0.055117030 37 
0.055117047 8 
0.055117097 53 
0.055117097 1 
0.055117098 30 
0.055117138 5 
0.055117179 23 
0.055117195 18 
0.055117197 51 
0.055117262 2 
0.055117264 34 
0.055117301 3 
0.055117314 48 
0.055117335 31 
0.055552167 45 
0.055552171 35 
0.055552272 25 
0.055552331 3 
0.055552351 18 
0.055552469 36 
0.055552554 43 
0.055552568 50 
0.055552605 14 
0.055552641 41 
0.055552648 22 
0.055552755 46 
0.055553229 17 
0.056400167 45 
0.056400171 35 
0.056400272 25 
0.056400331 3 
0.056400351 18 
0.056400469 36 
0.056400522 42 
0.056400554 43 
0.056400568 50 
0.056855824 47 
0.056855927 6 
0.056855973 29 
0.056855980 49 
0.056855996 21 
0.056856111 11 
0.056856135 39 
0.056856185 2 
0.056856229 0 
0.056856390 48 
0.056856419 31 
0.056856455 3 
0.056856645 35 
0.057703606 10 
0.057703715 15 
0.057703824 47 
0.057703927 6 
0.057703973 29 
0.057703980 49 
0.057703996 21 
0.057704111 11 
0.057704135 39 
0.057704135 33 
0.057704185 2 
0.057704213 46 
0.058139813 49 
0.058139847 29 
0.058139896 6 
0.058139908 21 
0.058139961 47 
0.058140155 33 
0.058987394 18 
0.058987466 1 
0.058987475 53 
0.058987479 8 
0.058987486 37 
0.058987546 30 
0.058987593 5 
0.058987633 23 
0.058987643 3 
0.058987652 51 
0.058987658 2 
0.058987666 48 
0.058987669 39 
0.058987679 11 
0.058987682 40 
0.058987719 34 
0.059422337 10 
0.059422424 19 
0.059422549 47 
0.059422590 15 
0.059422605 4 
0.059422617 32 
0.059422625 52 
0.059422628 6 
0.059422688 21 
0.059422710 9 
0.059422752 44 
0.059422814 12 
0.059422878 17 
0.059422950 40 
0.059423009 30 
0.059423022 33 
0.059423030 51 
0.059423070 34 
0.059423070 5 
0.059423101 46 
0.059423110 31 
0.059423171 37 
0.059423186 22 
0.059423190 23 
0.059423225 16 
0.059423234 8 
0.059423259 13 
0.059423461 35 
0.060270337 10 
0.060270424 19 
0.060270549 47 
0.060270590 15 
0.060270605 4 
0.060270617 32 
0.060270625 52 
0.060270628 6 
0.060270688 21 
0.060270710 9 
0.060270726 55 
0.060270726 54 
0.060270752 44 
0.060270814 12 
0.060270878 17 
0.060270950 40 
0.060271009 30 
0.060271022 33 
0.060271030 51 
0.060271070 34 
0.060271070 5 
0.060705359 29 
0.060705396 33 
0.060705412 46 
0.060705419 49 
0.060705566 15 
0.060705601 47 
0.060705684 6 
0.060705748 36 
0.060705803 21 
0.060705807 41 
0.060705938 13 
0.060706013 16 
0.060706077 16 
0.060706119 18 
0.060706119 13 
0.060706164 18 
0.060706191 1 
0.060706200 53 
0.060706224 28 
0.060706241 1 
0.060706252 53 
0.060706269 8 
0.060706271 30 
0.060706276 37 
0.060706336 30 
0.060706338 38 
0.060706354 38 
0.060706383 5 
0.060706408 40 
0.060706419 26 
0.060706422 23 
0.060706437 26 
0.060706442 51 
0.060706473 40 
0.060706509 34 
0.060706621 6 
0.060706633 21 
0.060706691 45 
0.061553359 29 
0.061553396 33 
0.061553412 46 
0.061553419 49 
0.061553566 15 
0.061553601 47 
0.061553659 7 
0.061553748 36 
0.061553807 41 
0.061554077 16 
0.061554119 13 
0.061554164 18 
0.061554224 28 
0.061554241 1 
0.061554252 53 
0.061554269 8 
0.061554276 37 
0.061554336 30 
0.061554354 38 
0.061554383 5 
0.061554422 23 
0.061554437 26 
0.061554442 51 
0.061554473 40 
0.062887134 53 
0.062887328 2 
0.062887369 16 
0.062887389 39 
0.062887429 11 
0.062887465 41 
0.062887482 50 
0.062887496 43 
0.062887529 13 
0.062887540 29 
0.062887542 49 
0.062887735 47 
0.062887939 10 
0.062888021 20 
0.063735134 53 
0.063735328 2 
0.063735369 16 
0.063735389 39 
0.063735395 0 
0.063735429 11 
0.063735465 41 
0.063735482 50 
0.063735485 36 
0.063735496 43 
0.063735529 13 
0.063735540 29 
0.063735542 49 
0.063735694 22 
0.063735735 47 
0.063735748 33 
0.063735751 46 
0.065088245 30 
0.065088310 53 
0.065088329 40 
0.065088337 1 
0.065088355 18 
0.065088396 51 
0.065088414 21 
0.065088423 0 
0.065088474 1 
0.065088496 34 
0.065088497 53 
0.065088519 1 
0.065088519 0 
0.065088520 18 
0.065088527 2 
0.065088536 18 
0.065088545 35 
0.065088551 53 
0.065088586 31 
0.065088616 2 
0.065088691 22 
0.065088715 43 
0.065088751 46 
0.065088752 36 
0.065088753 22 
0.065088754 33 
0.065088769 25 
0.065088793 45 
0.065088809 20 
0.065088824 46 
0.065088834 33 
0.065088878 38 
0.065088880 26 
0.065088885 38 
0.065088885 26 
0.065088891 14 
0.065088924 42 
0.065088930 42 
0.065088943 15 
0.065088964 19 
0.065089023 36 
0.065089023 50 
0.065089029 7 
0.065089035 50 
0.065089037 43 
0.065089042 15 
0.065089046 43 
0.065089085 28 
0.065089090 21 
0.065089097 10 
0.065089120 51 
0.065089225 34 
0.065089320 31 
0.065936245 30 
0.065936329 40 
0.065936519 1 
0.065936519 0 
0.065936536 18 
0.065936545 35 
0.065936551 53 
0.065936616 2 
0.065936753 22 
0.065936769 25 
0.065936793 45 
0.065936824 46 
0.065936834 33 
0.065936891 14 
0.065937023 36 
0.065937029 7 
0.065937035 50 
0.065937042 15 
0.065937046 43 
0.067290065 39 
0.067290107 11 
0.067290140 16 
0.067290214 29 
0.067290216 49 
0.067290300 13 
0.067290302 41 
0.067290341 50 
0.067290410 47 
0.067290419 6 
0.067290592 33 
0.067290613 10 
0.067290695 20 
0.067290754 28 
0.068138065 39 
0.068138107 11 
0.068138140 16 
0.068138214 29 
0.068138216 49 
0.068138300 13 
0.068138302 41 
0.068138341 50 
0.068138360 43 
0.068138363 36 
0.068138410 47 
0.068138419 6 
0.068138530 15 
0.068593110 48 
0.068593137 3 
0.068593243 2 
0.068593317 39 
0.068593325 1 
0.068593334 53 
0.068593362 11 
0.068593381 18 
0.068593588 38 
0.068593791 40 
0.068593856 28 
0.069441110 48 
0.069441137 3 
0.069441243 2 
0.069441250 29 
0.069441317 39 
0.069441325 1 
0.069441326 49 
0.069441334 53 
0.069441362 11 
0.069441381 18 
0.069441463 47 
0.069876036 0 
0.069876070 2 
0.069876077 29 
0.069876097 17 
0.069876144 39 
0.069876154 49 
0.069876190 11 
0.069876205 48 
0.069876244 53 
0.069876269 3 
0.069876274 1 
0.069876384 18 
0.069876527 30 
0.069876536 21 
0.069876618 40 
0.070724036 0 
0.070724070 2 
0.070724077 29 
0.070724097 17 
0.070724144 39 
0.070724154 49 
0.070724190 11 
0.070724205 48 
0.070724244 53 
0.070724269 3 
0.070724274 1 
0.071159273 35 
0.071159309 45 
0.071159398 3 
0.071159409 25 
0.071159463 48 
0.071159632 0 
0.071159892 29 
0.072007273 35 
0.072007309 45 
0.072007381 18 
0.072007398 3 
0.072007409 25 
0.072007463 48 
0.072007481 1 
0.072007528 53 
0.072007632 0 
0.072442314 49 
0.072442356 29 
0.072442419 16 
0.072442421 11 
0.072442451 21 
0.072442459 39 
0.072442536 2 
0.072442552 11 
0.072442595 39 
0.072442672 2 
0.072442674 53 
0.072442676 0 
0.072442714 53 
0.072442715 1 
0.072442758 1 
0.072442772 18 
0.072442783 33 
0.072442854 46 
0.072442869 18 
0.072442882 36 
0.072442908 0 
0.072442910 22 
0.072443083 41 
0.072443102 7 
0.072443183 50 
0.072443185 33 
0.072443214 43 
0.072443236 46 
0.072443244 22 
0.072443261 36 
0.072443300 28 
0.072443350 55 
0.072443350 54 
0.072443412 24 
0.072443503 27 
0.073290314 49 
0.073290326 13 
0.073290356 29 
0.073290419 16 
0.073290450 15 
0.073290451 21 
0.073290546 19 
0.073290552 11 
0.073290595 39 
0.073290672 2 
0.073290697 4 
0.073290703 32 
0.073290714 53 
0.073290743 52 
0.073290749 9 
0.073290758 1 
0.073290782 12 
0.073290790 44 
0.073290822 17 
0.073290869 18 
0.073725214 30 
0.073725235 21 
0.073725345 6 
0.073725392 16 
0.073725411 13 
0.073725580 41 
0.073725658 20 
0.073725750 18 
0.073725829 19 
0.073726009 4 
0.073726020 32 
0.073726027 52 
0.074573214 30 
0.074573235 21 
0.074573345 6 
0.074573392 16 
0.074573411 13 
0.075048893 2 
0.075048902 29 
0.075048935 1 
0.075048954 53 
0.075048971 39 
0.075048980 49 
0.075896102 14 
0.075896130 42 
0.075896134 7 
0.075896323 22 
0.075896362 46 
0.075896382 25 
0.075896434 33 
0.075896486 45 
0.075896588 35 
0.076106763 35 
0.076953638 34 
0.076953663 8 
0.076953669 5 
0.076953678 51 
0.076953684 37 
0.076953762 40 
0.076953818 30 
0.076953832 13 
0.076953969 16 
0.076954010 21 
0.076954095 6 
0.076954125 41 
0.076954159 11 
0.076954202 39 
0.076954234 47 
0.076954235 49 
0.076954250 50 
0.076954265 53 
0.076954277 2 
0.076954283 43 
0.076954303 1 
0.076954311 29 
0.077004763 35 
0.077004792 33 
0.077005080 2 
0.077005098 1 
0.077005107 29 
0.077005122 53 
0.077005183 49 
0.078327837 47 
0.078327954 49 
0.078327968 10 
0.078328000 20 
0.078328026 29 
0.078328130 2 
0.078328167 15 
0.078328170 19 
0.078328329 0 
0.078328372 52 
0.078328608 22 
0.078328874 14 
0.079175837 47 
0.079175954 49 
0.079175968 10 
0.079175981 11 
0.079176000 20 
0.079176026 29 
0.079176035 39 
0.079176130 2 
0.079176167 15 
0.079176170 19 
0.079176252 53 
0.079176299 1 
0.079176329 0 
0.079176372 52 
0.079176397 18 
0.079610721 36 
0.079610781 13 
0.079610932 8 
0.079610938 37 
0.079610955 18 
0.079611004 53 
0.079611005 1 
0.079611045 5 
0.079611086 23 
0.079611104 51 
0.079611137 40 
0.079611167 39 
0.079611170 2 
0.079611170 11 
0.079611171 34 
0.079611208 3 
0.079611221 48 
0.079611243 31 
0.079611303 49 
0.079611335 0 
0.079611344 29 
0.079611362 35 
0.079611365 6 
0.079611369 21 
0.079611439 47 
0.080458721 36 
0.080458781 13 
0.080458932 8 
0.080458938 37 
0.080458955 18 
0.080459004 53 
0.080459005 1 
0.080459045 5 
0.080459086 23 
0.080459104 51 
0.080459137 40 
0.080459167 39 
0.080459170 2 
0.080459170 11 
0.080459171 34 
0.080459183 28 
0.080459208 3 
0.080459221 48 
0.080459243 31 
0.080459269 38 
0.081832445 22 
0.081832593 7 
0.081832703 0 
0.081832819 17 
0.081832833 48 
0.081832851 15 
0.081832871 3 
0.081832913 2 
0.081832916 35 
0.081832918 25 
0.081833019 45 
0.081833114 10 
0.081833159 19 
0.082680445 22 
0.082680593 7 
0.082680703 0 
0.082680819 17 
0.082680833 48 
0.082680870 12 
0.082680871 3 
0.082680878 29 
0.082680913 2 
0.082680916 35 
0.082680918 25 
0.082680957 49 
0.082680974 39 
0.082681014 11 
0.082681019 45 
0.082681022 9 
0.082681028 44 
0.082681033 1 
0.082681035 53 
0.082681070 47 
0.082681103 18 
0.082681116 32 
0.082681125 4 
0.084033846 5 
0.084033896 23 
0.084033897 51 
0.084033929 34 
0.084033937 30 
0.084033991 31 
0.084034004 13 
0.084034060 16 
0.084034275 11 
0.084034309 39 
0.084034311 41 
0.084034325 53 
0.084034359 1 
0.084034372 2 
0.084034374 49 
0.084034390 18 
0.084034415 47 
0.084034434 50 
0.084034445 29 
0.084034468 43 
0.084034546 36 
0.084034571 48 
0.084034603 0 
0.084034612 10 
0.084034660 20 
0.084034731 15 
0.084881846 5 
0.084881896 23 
0.084881897 51 
0.084881929 34 
0.084881937 30 
0.084881991 31 
0.084882004 13 
0.084882060 16 
0.084882275 11 
0.084882309 39 
0.084882311 41 
0.084882325 53 
0.084882359 1 
0.084882372 2 
0.084882374 49 
0.084882390 18 
0.084882415 47 
0.084882434 50 
0.084882445 29 
0.084882468 43 
0.085317054 19 
0.085317065 29 
0.085317067 47 
0.085317082 9 
0.085317097 32 
0.085317099 4 
0.085317109 49 
0.085317118 44 
0.085317155 12 
0.085317174 52 
0.085317213 17 
0.085317213 6 
0.085317240 11 
0.085317243 39 
0.085317259 2 
0.085317264 2 
0.085317273 39 
0.085317276 55 
0.085317276 54 
0.085317284 11 
0.085317294 40 
0.085317311 30 
0.085317314 33 
0.085317315 0 
0.085317329 28 
0.085317332 21 
0.085317348 51 
0.085317384 5 
0.085317392 46 
0.085317394 0 
0.085317418 53 
0.085317426 48 
0.085317459 1 
0.085317461 48 
0.085317465 53 
0.085317473 22 
0.085317480 37 
0.085317490 3 
0.085317512 23 
0.085317518 21 
0.085317519 3 
0.085317525 3 
0.085317528 30 
0.085317534 40 
0.085317539 18 
0.085317544 8 
0.085317572 18 
0.085317610 7 
0.085317618 51 
0.085317631 1 
0.085317639 5 
0.085317679 53 
0.085317690 34 
0.085317739 42 
0.085317756 31 
0.085317757 46 
0.085317830 2 
0.085317914 39 
0.085317963 11 
0.085317985 33 
0.085318109 30 
0.085318262 40 
0.086165054 19 
0.086165065 29 
0.086165067 47 
0.086165082 9 
0.086165097 32 
0.086165099 4 
0.086165109 49 
0.086165118 44 
0.086165155 12 
0.086165174 52 
0.086165213 17 
0.086165213 6 
0.086165276 55 
0.086165276 54 
0.086165329 28 
0.086165359 35 
0.086165584 48 
0.086165631 1 
0.086165679 53 
0.086165746 0 
0.086599921 48 
0.086599982 2 
0.086599982 3 
0.086600066 39 
0.086600078 53 
0.086600118 11 
0.086600166 29 
0.086600167 35 
0.086600168 49 
0.086600174 43 
0.086600203 50 
0.086600325 41 
0.086600335 25 
0.086600351 37 
0.086600356 40 
0.086600361 47 
0.086600387 30 
0.086600388 45 
0.086600390 6 
0.086600401 8 
0.086600411 16 
0.086600465 14 
0.086600479 15 
0.086600487 42 
0.086600499 13 
0.086600509 21 
0.086600540 26 
0.086600544 38 
0.086600549 28 
0.086600565 10 
0.086600569 16 
0.086600592 16 
0.086600598 7 
0.086600624 21 
0.086600647 20 
0.086600686 6 
0.086600693 38 
0.086600725 11 
0.086600740 17 
0.086600750 12 
0.086600768 39 
0.086600777 26 
0.086600803 49 
0.086600818 47 
0.086600879 29 
0.086600908 39 
0.086600926 11 
0.086601059 49 
0.086601080 45 
0.086601084 29 
0.086601441 10 
0.086601515 20 
0.087447921 48 
0.087447982 2 
0.087447982 3 
0.087448078 53 
0.087448167 35 
0.087448174 43 
0.087448203 50 
0.087448325 41 
0.087448335 25 
0.087448351 37 
0.087448356 40 
0.087448387 30 
0.087448401 8 
0.087448499 13 
0.087448549 28 
0.087448592 16 
0.087448624 21 
0.087448686 6 
0.087448693 38 
0.087448777 26 
0.087448818 47 
0.087964663 22 
0.087964696 29 
0.087964700 49 
0.087964882 6 
0.088811773 38 
0.088811850 26 
0.088811949 36 
0.088812051 43 
0.088812076 50 
0.088812138 18 
0.088812187 41 
0.088812188 35 
0.088812248 45 
0.088812251 3 
0.088812251 1 
0.088812292 53 
0.096262952 35 
0.096263177 22 
0.096263205 45 
0.096263248 46 
0.096263258 33 
0.096263272 38 
0.096263274 26 
0.096263453 7 
0.096263510 28 
0.096263569 47 
0.096263674 6 
0.096263686 36 
0.096263736 43 
0.097110952 35 
0.097111177 22 
0.097111205 45 
0.097111248 46 
0.097111258 33 
0.097111272 38 
0.097111274 26 
0.097111453 7 
0.097111466 15 
0.098464317 18 
0.098464389 1 
0.098464399 53 
0.098464417 28 
0.098464536 38 
0.098464566 3 
0.098464582 2 
0.098464589 48 
0.098464722 0 
0.098464943 40 
0.098465078 33 
0.099312317 18 
0.099312389 1 
0.099312399 53 
0.099312417 28 
0.099312536 38 
0.099312566 3 
0.099312582 2 
0.099312589 48 
0.099312592 39 
0.099312602 11 
0.099747584 4 
0.099747594 32 
0.099747706 19 
0.099747716 9 
0.099747738 44 
0.099747874 20 
0.099747888 12 
0.099747918 10 
0.099747945 15 
0.099748306 33 
0.099748470 0 
0.099748640 48 
0.099748704 3 
0.099748810 18 
0.100595584 4 
0.100595594 32 
0.100595706 19 
0.100595716 9 
0.100595738 44 
0.100595874 20 
0.100595888 12 
0.100595918 10 
0.100595945 15 
0.100595964 17 
0.100596306 33 
0.103787238 13 
0.103787403 47 
0.103787499 29 
0.103787523 6 
0.103787525 49 
0.103787525 33 
0.103787598 46 
0.103787604 21 
0.103787707 22 
0.103787856 40 
0.103787939 51 
0.103787987 34 
0.103788103 23 
0.104634887 18 
0.104634981 48 
0.104634988 39 
0.104635001 3 
0.104635028 11 
0.104635064 0 
0.104635082 16 
0.104635179 15 
0.104635199 30 
0.104635203 10 
0.104635233 35 
0.104635238 13 
0.104635267 41 
0.104635316 50 
0.104635322 37 
0.104635337 43 
0.104635345 5 
0.104635348 36 
0.104635378 8 
0.104635403 47 
0.104635427 38 
0.104635459 26 
0.104635484 25 
0.104635487 45 
0.104635499 29 
0.104635523 6 
0.104635525 49 
0.104635525 33 
0.104635551 28 
0.104635598 46 
0.104635604 21 
0.107047752 0 
0.107047786 17 
0.107047830 12 
0.107047840 29 
0.107047898 2 
0.107047918 49 
0.107047920 48 
0.107047951 39 
0.107047975 9 
0.107047983 44 
0.107047984 3 
0.107047986 11 
0.107048038 53 
0.107048041 1 
0.107048151 6 
0.107048161 35 
0.107048233 42 
0.107048234 55 
0.107048234 54 
0.107048268 25 
0.107048274 24 
0.107048282 21 
0.107048332 30 
0.107048348 45 
0.107048379 27 
0.107048401 40 
0.107895752 0 
0.107895786 17 
0.107895830 12 
0.107895840 29 
0.107895898 2 
0.107895918 49 
0.107895920 48 
0.107895951 39 
0.107895975 9 
0.107895983 44 
0.107895984 3 
0.107895986 11 
0.107896038 53 
0.107896041 1 
0.107896120 18 
0.107896151 6 
0.108350736 2 
0.108350757 0 
0.108350787 33 
0.108350830 39 
0.108350833 46 
0.108350860 53 
0.108350885 11 
0.108351052 7 
0.108351102 28 
0.108351122 16 
0.108351128 30 
0.108351132 18 
0.108351220 17 
0.108351222 1 
0.108351242 53 
0.108351246 38 
0.108351266 40 
0.108351275 5 
0.108351307 51 
0.108351330 26 
0.108351378 24 
0.108351412 34 
0.108351437 2 
0.108351461 39 
0.108351479 11 
0.108351507 31 
0.108351547 0 
0.108351902 46 
0.109198787 33 
0.109199102 28 
0.109199122 16 
0.109199132 18 
0.109199185 13 
0.109199222 1 
0.109199242 53 
0.109199246 38 
0.109199330 26 
0.109199341 8 
0.109199343 37 
0.109199387 30 
0.109199437 2 
0.109199447 5 
0.111917587 47 
0.112590831 0 
0.112591208 42 
0.112764747 35 
0.112764782 45 
0.112764854 18 
0.112764872 3 
0.112764883 25 
0.112764936 48 
0.112764954 1 
0.112765001 53 
0.112765014 43 
0.112765029 50 
0.112765107 41 
0.113095693 47 
0.113768831 0 
0.113769032 53 
0.113943153 42 
0.114616501 47 
0.120276992 47 
0.120277067 29 
0.120277084 6 
0.120277091 49 
0.120277104 33 
0.120277163 21 
0.120277178 46 
0.120277286 22 
0.120277417 40 
0.120277499 51 
0.120277534 5 
0.121124992 47 
0.121125067 29 
0.121125084 6 
0.121125091 49 
0.121125104 33 
0.121125163 21 
0.121125178 46 
0.121559623 29 
0.121559671 49 
0.121559703 39 
0.121559727 2 
0.121559739 11 
0.121559764 15 
0.121559806 10 
0.121559846 19 
0.121559849 53 
0.121559872 20 
0.121559897 1 
0.121559943 4 
0.121559954 32 
0.121559969 52 
0.121559995 18 
0.121560005 48 
0.121560027 9 
0.121560059 3 
0.121560069 44 
0.121560107 16 
0.122407623 29 
0.122407671 49 
0.122407703 39 
0.122407727 2 
0.122407739 11 
0.122407764 15 
0.122407806 10 
0.122407846 19 
0.122407849 53 
0.122407872 20 
0.122407897 1 
0.122407943 4 
0.122407954 32 
0.122407969 52 
0.122407995 18 
0.122842704 21 
0.122842801 6 
0.122842918 11 
0.122842945 47 
0.122842966 39 
0.122842973 49 
0.122843050 2 
0.122843052 29 
0.122843097 46 
0.122843163 33 
0.122843225 1 
0.122843262 53 
0.122843285 0 
0.122843300 2 
0.122843395 39 
0.122843419 29 
0.122843450 11 
0.122843478 49 
0.122843639 50 
0.122843665 41 
0.123690704 21 
0.123690801 6 
0.123690945 47 
0.123690983 22 
0.123690995 3 
0.123691031 48 
0.123691097 46 
0.123691122 7 
0.123691163 33 
0.123691206 18 
0.123691225 1 
0.123691262 53 
0.123691300 2 
0.128205589 22 
0.128205626 49 
0.128658524 53 
0.128658558 1 
0.128658564 3 
0.129052699 38 
0.129052776 26 
0.129052875 36 
0.129052976 43 
0.129053002 50 
0.129053064 18 
0.129053113 41 
0.129053113 35 
0.129053174 45 
0.129506132 49 
0.129506169 21 
0.129695641 9 
0.129695764 12 
0.129695770 52 
0.129695796 20 
0.129695826 10 
0.129695834 52 
0.129695836 17 
0.129695870 55 
0.129695870 54 
0.129695875 55 
0.129695875 54 
0.129695889 15 
0.129695984 15 
0.129696028 47 
0.129696074 17 
0.129696097 20 
0.129696104 10 
0.129696146 6 
0.129696147 29 
0.129696154 49 
0.129696225 21 
0.129696230 33 
0.129696275 47 
0.129696287 11 
0.129696296 46 
0.129696309 33 
0.129696318 29 
0.129696360 49 
0.129696387 46 
0.129696409 6 
0.129696486 22 
0.129696496 39 
0.129696505 21 
0.129696513 2 
0.129696565 7 
0.130543641 9 
0.130543764 12 
0.130543834 52 
0.130543875 55 
0.130543875 54 
0.130543984 15 
0.130544074 17 
0.130544097 20 
0.130544104 10 
0.130544275 47 
0.130544309 33 
0.130544318 29 
0.130544360 49 
0.130544387 46 
0.130544409 6 
0.170065555 6 
0.170065571 30 
0.170065597 18 
0.170065620 16 
0.170065656 21 
0.170065666 40 
0.170065720 5 
0.170065730 51 
0.170065738 10 
0.170065747 37 
0.170065815 8 
0.170065819 20 
0.170065831 34 
0.170065836 22 
0.170065856 35 
0.170065880 23 
0.170065884 41 
0.170065922 31 
0.170065929 19 
0.170065964 50 
0.170065991 43 
0.170066015 12 
1.812661015 13 
1.812661132 16 
1.812661136 49 
1.812661176 21 
1.812661204 29 
1.812661208 41 
1.812661239 5 
1.812661257 50 
1.812661273 11 
1.812661274 47 
1.812661278 43 
1.812661289 36 
1.812661291 10 
1.812661419 6 
1.812661423 28 
1.812661451 20 
1.812661593 12 
1.812661638 15 
1.812661660 33 
1.812661663 38 
1.812661703 46 
1.812661730 25 
1.812661731 7 
1.812661787 26 
1.812661801 22 
1.812661830 45 
1.813509015 13 
1.813509132 16 
1.813509136 49 
1.813509176 21 
1.813509204 29 
1.813509208 41 
1.813509239 5 
1.813509257 50 
1.813509273 11 
1.813509274 47 
1.813509278 43 
1.813509289 36 
1.813509291 10 
1.813509419 6 
1.813509451 20 
1.813983602 21 
1.813983642 10 
1.813983645 39 
1.813983700 18 
1.813983738 20 
1.813983750 53 
1.813983794 1 
1.813983973 48 
1.813984010 3 
1.813984155 16 
1.813984218 41 
1.813984249 35 
1.813984271 4 
1.813984279 32 
1.813984295 14 
1.813984296 50 
1.813984308 52 
1.813984322 43 
1.813984348 36 
1.813984357 19 
1.813984413 55 
1.813984413 54 
1.813984429 22 
1.814831602 21 
1.814831642 10 
1.814831645 39 
1.814831700 18 
1.814831738 20 
1.814831750 53 
1.814831794 1 
1.814831973 48 
1.814832010 3 
1.815266801 38 
1.815266817 16 
1.815266850 41 
1.815267077 25 
1.815267104 26 
1.815267202 13 
1.815267233 45 
1.815267239 23 
1.815267302 30 
1.815267375 8 
1.815267484 5 
1.815267515 21 
1.815267622 47 
1.815267625 10 
1.816114801 38 
1.816114817 16 
1.816114850 41 
1.816115077 25 
1.816115104 26 
1.816115202 13 
1.816549936 10 
1.816549963 6 
1.816550050 21 
1.816550108 5 
1.816550144 11 
1.816550169 29 
1.816550176 49 
1.816550227 9 
1.816550237 11 
1.816550303 39 
1.816550367 12 
1.816550378 2 
1.816550431 12 
1.816550455 18 
1.816550486 18 
1.816550497 15 
1.816550506 15 
1.816550549 53 
1.816550579 53 
1.816550595 1 
1.816550613 1 
1.816550803 16 
1.816550836 41 
1.816550948 50 
1.816550980 43 
1.817397936 10 
1.817397963 6 
1.817398050 21 
1.817398108 5 
1.817398176 49 
1.817398227 9 
1.817398227 29 
1.817398237 11 
1.817398303 39 
1.817398389 2 
1.817398547 0 
1.824362172 14 
1.824362256 27 
1.824362418 3 
1.824362433 48 
1.824362436 0 
1.824362461 35 
1.824362636 25 
1.824362652 1 
1.824362666 2 
1.824362674 26 
1.824362681 53 
1.824362698 18 
1.824362733 29 
1.824362755 39 
1.824362803 49 
1.824362899 38 
1.824362938 21 
1.824362962 47 
1.824363026 10 
1.824363027 6 
1.824363058 32 
1.824363069 4 
1.824363150 52 
1.825210172 14 
1.825210256 27 
1.825210418 3 
1.825210433 48 
1.825210436 0 
1.825210461 35 
1.825210636 25 
1.831350528 0 
1.831350579 1 
1.831350602 53 
1.831350632 2 
1.831350726 39 
1.831350792 14 
1.831350798 29 
1.831350824 11 
1.831350837 49 
1.831350856 46 
1.831350859 33 
1.831350908 7 
1.831350927 22 
1.831350927 25 
1.831350964 21 
1.831350978 15 
1.831350983 38 
1.831350988 26 
1.831350996 45 
1.831351026 16 
1.831351035 47 
1.831351048 30 
1.831351052 12 
1.831351075 10 
1.831351087 28 
1.831351104 23 
1.831351105 41 
1.831351106 5 
1.831351107 42 
1.831351113 8 
1.831351126 36 
1.831351128 50 
1.831351142 43 
1.831351158 6 
1.831351176 40 
1.831351187 37 
1.831351212 9 
1.831351225 51 
1.831351241 20 
1.831351243 27 
1.831351330 34 
1.831351425 31 
1.832198528 0 
1.832198579 1 
1.832198602 53 
1.832198632 2 
1.832198726 39 
1.832198792 14 
1.832198798 29 
1.832198824 11 
1.832198837 49 
1.832198856 46 
1.832198859 33 
1.832198908 7 
1.832198927 22 
1.832198927 25 
1.832198964 21 
1.832198978 15 
1.832198983 38 
1.832198988 26 
1.832198996 45 
1.832199026 16 
1.832199035 47 
1.832199048 30 
1.832199052 12 
1.832199075 10 
1.832199087 28 
1.832199104 23 
1.832199105 41 
1.832199106 5 
1.832199113 8 
1.832199126 36 
1.832199128 50 
1.832199142 43 
1.832199158 6 
1.832199176 40 
1.832199187 37 
1.832633213 14 
1.832633215 0 
1.832633216 12 
1.832633293 11 
1.832633318 16 
1.832633337 22 
1.832633410 3 
1.832633441 9 
1.832633476 17 
1.832633485 35 
1.832633521 42 
1.832633528 47 
1.832633546 44 
1.832633558 6 
1.832633601 10 
1.832633609 45 
1.832633671 25 
1.832633701 52 
1.832633712 26 
1.832633729 20 
1.832633733 23 
1.832633763 13 
1.832633769 4 
1.832633771 37 
1.832633772 32 
1.832633798 24 
1.832633831 30 
1.832633839 30 
1.832633895 8 
1.832633906 3 
1.832633920 38 
1.832633937 51 
1.832633968 40 
1.832633982 9 
1.832633983 51 
1.832634004 34 
1.832634020 35 
1.832634067 25 
1.832634075 31 
1.832634143 12 
1.832634181 6 
1.832634215 45 
1.832634224 10 
1.832634243 47 
1.832634349 20 
1.832634353 22 
1.832634760 40 
1.832634790 8 
1.832634893 3 
1.833481213 14 
1.833481215 0 
1.833481293 11 
1.833481318 16 
1.833481701 52 
1.833481733 23 
1.833481763 13 
1.833481769 4 
1.833481771 37 
1.833481772 32 
1.833481863 44 
1.833481870 17 
1.833481982 9 
1.833482143 12 
1.833482181 6 
1.833482329 47 
1.833482369 10 
1.833916777 18 
1.833916848 0 
1.833916878 53 
1.833916919 1 
1.833916941 4 
1.833916951 32 
1.833916953 48 
1.833916984 9 
1.833917014 3 
1.833917048 55 
1.833917048 54 
1.833917057 12 
1.833917095 44 
1.833917143 9 
1.833917174 15 
1.833917175 14 
1.833917246 35 
1.833917250 16 
1.833917250 6 
1.833917303 41 
1.833917314 22 
1.833917320 12 
1.833917342 6 
1.833917375 33 
1.833917391 50 
1.833917393 7 
1.833917419 43 
1.833917432 20 
1.833917445 46 
1.833917455 36 
1.833917459 15 
1.833917485 20 
1.833917496 42 
1.833917662 33 
1.833917686 7 
1.833917724 14 
1.833917736 46 
1.833917965 35 
1.833918025 31 
1.834764777 18 
1.834764848 0 
1.834764878 53 
1.834764919 1 
1.834764941 4 
1.834764951 32 
1.834764953 48 
1.834765014 3 
1.834765031 23 
1.834765048 55 
1.834765048 54 
1.834765093 37 
1.834765095 44 
1.834765143 9 
1.834765250 16 
1.834765320 12 
1.834765342 6 
1.834765459 15 
1.834765485 20 
1.834765662 33 
1.834765686 7 
1.837036263 31 
1.837036267 23 
1.837036273 51 
1.837036357 51 
1.837036369 30 
1.837036374 8 
1.837036386 8 
1.837036401 52 
1.837036438 17 
1.837036443 19 
1.837036452 30 
1.837036453 13 
1.837036468 5 
1.837036469 17 
1.837036489 55 
1.837036489 54 
1.837036529 9 
1.837036537 5 
1.837036579 13 
1.837036621 52 
1.837036636 19 
1.837036657 55 
1.837036657 54 
1.837036667 16 
1.837036674 41 
1.837036683 12 
1.837036684 9 
1.837036721 10 
1.837036725 21 
1.837036729 20 
1.837036730 12 
1.837036743 39 
1.837036748 6 
1.837036751 18 
1.837036754 21 
1.837036762 6 
1.837036773 53 
1.837036791 47 
1.837036796 10 
1.837036798 50 
1.837036806 49 
1.837036808 1 
1.837036809 2 
1.837036812 39 
1.837036820 49 
1.837036822 15 
1.837036825 15 
1.837036832 43 
1.837036851 47 
1.837036862 20 
1.837036870 41 
1.837036871 18 
1.837036877 29 
1.837036882 16 
1.837036886 47 
1.837036893 6 
1.837036897 2 
1.837036898 29 
1.837036898 47 
1.837036910 20 
1.837036910 36 
1.837036919 53 
1.837036925 11 
1.837036927 20 
1.837036931 11 
1.837036935 10 
1.837036948 6 
1.837036949 10 
1.837036949 11 
1.837036960 11 
1.837036961 1 
1.837036984 6 
1.837036987 29 
1.837036994 29 
1.837036994 21 
1.837036996 50 
1.837037006 21 
1.837037012 49 
1.837037016 48 
1.837037021 49 
1.837037021 33 
1.837037024 33 
1.837037030 43 
1.837037034 11 
1.837037041 0 
1.837037044 7 
1.837037048 7 
1.837037056 33 
1.837037062 47 
1.837037094 46 
1.837037098 46 
1.837037105 29 
1.837037112 46 
1.837037123 7 
1.837037124 10 
1.837037130 20 
1.837037145 48 
1.837037147 49 
1.837037160 21 
1.837037160 39 
1.837037196 2 
1.837037301 18 
1.837037397 53 
1.837037430 1 
1.837884263 31 
1.837884267 23 
1.837884357 51 
1.837884386 8 
1.837884452 30 
1.837884469 17 
1.837884537 5 
1.837884579 13 
1.837884621 52 
1.837884636 19 
1.837884657 55 
1.837884657 54 
1.837884684 9 
1.837884730 12 
1.837884825 15 
1.837884870 41 
1.837884882 16 
1.837884984 6 
1.837884996 50 
1.837885034 11 
1.837885062 47 
1.837885105 29 
1.837885124 10 
1.837885130 20 
1.837885147 49 
1.837885160 21 
1.840177456 0 
1.840177488 48 
1.840177507 53 
1.840177541 1 
1.840177567 46 
1.840177572 18 
1.840177602 2 
1.840177622 33 
1.840177630 7 
1.840177695 39 
1.840177920 24 
1.841025456 0 
1.841025567 46 
1.841025572 18 
1.841025602 2 
1.841460206 43 
1.841460235 50 
1.841460329 28 
1.841460351 13 
1.841460357 41 
1.841460394 23 
1.841460415 37 
1.841460436 34 
1.841460540 2 
1.841460541 51 
1.841460542 39 
1.841460549 18 
1.841460597 40 
1.841460626 53 
1.841460653 8 
1.841460653 37 
1.841460673 1 
1.841460701 1 
1.841460720 23 
1.841460720 30 
1.841460720 53 
1.841460724 38 
1.841460763 0 
1.841460777 23 
1.841460788 13 
1.841460807 18 
1.841460812 48 
1.841460845 3 
1.841460847 13 
1.841460860 3 
1.841460877 48 
1.841460915 2 
1.841460933 35 
1.841460940 39 
1.841461026 0 
1.841461104 35 
1.841461111 12 
1.841461118 6 
1.841461138 18 
1.841461162 2 
1.841461187 53 
1.841461214 11 
1.841461229 1 
1.841461382 9 
1.841461409 6 
1.841461412 48 
1.841461448 3 
1.842308206 43 
1.842308235 50 
1.842308329 28 
1.842308357 41 
1.842308436 34 
1.842308541 51 
1.842308597 40 
1.842308653 8 
1.842308653 37 
1.842308720 30 
1.842308724 38 
1.842308777 23 
1.842308847 13 
1.842309076 39 
1.842309138 18 
1.842309162 2 
3.664854176 3 
3.665205843 2 
3.665680183 3 
3.666031850 2 
7.289679592 3 
7.290031400 1 
9.024160676 3 
9.938465000 13 
9.938465000 13 
9.938465000 13 
9.938465000 13 
9.938465000 13 
9.938465000 13 
10.808178404 6 
10.808178432 26
10.808178433 11
10.808178438 41
10.808178477 50
10.808178503 49
10.808178508 43
10.808178547 47
10.808178574 29
10.808178576 25
10.808178596 36
10.808179039 38
10.808179079 7 
10.808179141 4 
10.809026404 6 
10.809026432 26
10.809026433 11
10.809026438 41
10.809026477 50
10.809026503 49
10.809026508 43
10.809026547 47
10.809026574 29
10.809026576 25
10.809026596 36
10.809460653 49
10.809460752 39
10.809460760 6 
10.809460786 2 
10.809460801 30
10.809460816 47
10.809460849 5 
10.809460851 19
10.809460872 6 
10.809460894 0 
10.809460936 17
10.809460953 21
10.809460955 9 
10.809460966 10
10.809460986 53
10.809461018 48
10.809461022 1 
10.809461062 33
10.809461082 3 
10.809461083 30
10.809461098 7 
10.809461101 13
10.809461103 53
10.809461104 28
10.809461104 16
10.809461122 46
10.809461137 19
10.809461144 4 
10.809461148 1 
10.809461168 41
10.809461187 10
10.809461224 17
10.809461243 21
10.809461248 12
10.809461248 18
10.809461248 27
10.809461258 20
10.809461259 32
10.809461265 8 
10.809461284 15
10.809461286 50
10.809461305 35
10.809461343 23
10.809461357 3 
10.809461366 25
10.809461390 13
10.809461394 28
10.809461394 16
10.809461449 41
10.809461525 7 
10.809461529 50
10.809461538 32
10.809461556 43
10.809461561 52
10.809461583 23
10.809461599 35
10.809461640 44
10.809461645 20
10.809461669 18
10.809461672 12
10.809461673 27
10.809461673 8 
10.809461796 22
10.810308653 49
10.810308752 39
10.810308786 2 
10.810308816 47
10.810308849 5 
10.810308872 6 
10.810308894 0 
10.810308955 9 
10.810309018 48
10.810309062 33
10.810309083 30
10.810309103 53
10.810309122 46
10.810309137 19
10.810309144 4 
10.810309148 1 
10.810309187 10
10.810309224 17
10.810309243 21
10.810309390 13
10.810309394 28
10.810309394 16
10.810743432 19
10.810743447 37
10.810743493 30
10.810743564 16
10.810743564 28
10.810743587 13
10.810743756 39
10.810743765 11
10.810743765 26
10.810743778 6 
10.810743839 2 
10.810743855 49
10.810743858 53
10.810743901 1 
10.810743912 29
10.810743950 10
10.810743957 47
10.810744064 9 
10.810744065 25
10.810744074 0 
10.810744084 48
10.810744092 36
10.810744120 3 
10.810744341 29
10.810744382 47
10.810744403 49
10.810744489 11
10.810744489 26
10.810744496 6 
10.810744504 2 
10.810744511 39
10.810744616 10
10.810744689 53
10.810744707 1 
10.811591432 19
10.811591447 37
10.811591493 30
10.811591564 16
10.811591564 28
10.811591587 13
10.811592198 5 
10.811592341 29
10.811592382 47
10.811592398 0 
10.811592403 49
10.811592489 11
10.811592489 26
10.811592496 6 
10.811592498 8 
10.811592501 9 
10.811592504 2 
10.811616911 44
10.811616912 15
10.811616995 22
10.811617182 55
10.811617182 54
10.812047289 30
10.812047293 19
10.812047439 21
10.812047460 17
10.812047549 6 
10.812047616 26
10.812047618 11
10.812047628 47
10.812047657 49
10.812048303 20
10.812048378 38
10.812895289 30
10.812895293 19
10.812895395 16
10.812895395 28
10.812895423 13
10.812895439 21
10.812895460 17
10.812895549 6 
10.812895616 26
10.812895618 11
10.812895628 47
10.812895657 49
10.812895707 41
10.812895833 50
10.816045366 53
10.816045386 10
10.816045410 1 
10.816045417 30
10.816045434 9 
10.816045468 19
10.816045480 48
10.816045492 40
10.816045536 3 
10.816045551 17
10.816045562 51
10.816045569 21
10.816045600 37
10.816045659 34
10.816045716 13
10.816045720 28
10.816045720 16
10.816045794 23
10.816046051 38
10.816893366 53
10.816893386 10
10.816893410 0 
10.816893410 1 
10.816893417 30
10.816893434 9 
10.816893468 19
10.816893480 48
10.816893492 40
10.816893536 3 
10.816893551 17
10.816893562 51
10.816893569 21
10.816893600 37
10.816893659 34
10.816893716 13
10.816893720 28
10.816893720 16
10.816893748 31
10.816893777 35
10.816893794 23
10.816893795 8 
10.820164074 46
10.820164145 6 
10.820164149 49
10.820164191 29
10.820164213 5 
10.820164227 26
10.820164230 11
10.820164295 39
10.820164351 0 
10.820164371 2 
10.820164397 8 
10.820164421 40
10.820164439 30
10.820164444 9 
10.820164505 51
10.820164508 19
10.820164511 0 
10.820164516 7 
10.820164541 2 
10.820164572 9 
10.820164572 34
10.820164593 39
10.820164617 37
10.820164621 35
10.820164626 44
10.820164627 20
10.820164656 18
10.820164656 17
10.820164659 12
10.820164660 27
10.820164665 21
10.820164707 32
10.820164719 23
10.820164745 45
10.820164777 16
10.820164777 28
10.820164783 13
10.820164798 52
10.820164809 14
10.820164877 55
10.820164877 54
10.820164921 35
10.820164955 23
10.820165056 38
10.820165059 17
10.820165085 21
10.820165137 14
10.820165152 45
10.820165154 37
10.820165253 28
10.820165253 16
10.821012074 46
10.821012145 6 
10.821012149 49
10.821012191 29
10.821012213 5 
10.821012227 26
10.821012230 11
10.821012397 8 
10.821012421 40
10.821012439 30
10.821012505 51
10.821012508 19
10.821012511 0 
10.821012516 7 
10.821012541 2 
10.821012572 9 
10.821012572 34
10.821012573 42
10.821012593 39
10.821012626 44
10.821012627 20
10.821012638 31
10.821012656 18
10.821012659 12
10.821012660 27
10.821012707 32
10.821012798 52
10.821447429 21
10.821447459 17
10.821447521 19
10.821447587 41
10.821447590 30
10.821447664 40
10.821447710 50
10.821447742 43
10.821447833 25
10.821447838 36
10.821447919 6 
10.821447925 26
10.821447926 11
10.821448008 49
10.821448080 47
10.821448350 38
10.821448588 7 
10.822295429 21
10.822295459 17
10.822295521 19
10.822295587 41
10.822295590 30
10.822295604 51
10.822295643 34
10.822295664 40
10.822295702 31
10.822295710 50
10.822295742 43
10.822295833 25
10.822295838 36
10.822295919 6 
10.822295925 26
10.822295926 11
10.822296008 49
10.822296080 47
10.822730186 2 
10.823577656 19
10.823577688 37
10.823577715 30
10.823577739 41
10.823577832 51
10.823577853 40
10.823577859 50
10.823577878 53
10.823577893 43
10.823577904 1 
10.823577915 34
10.823577939 25
10.823577944 39
10.823577965 11
10.823577965 26
10.823577970 36
10.823577978 2 
10.823577984 6 
10.823577989 10
10.823577999 31
10.823578057 49
10.823578112 29
10.823578126 48
10.823578137 9 
10.823578139 3 
10.823578167 47
10.823578190 0 
10.824012850 35
10.824012895 23
10.824013070 38
10.824013092 3 
10.824013140 48
10.824013183 9 
10.824013262 10
10.824013309 1 
10.824013350 53
10.824013416 2 
10.824013512 39
10.824013571 11
10.824013574 26
10.824013816 30
10.824860850 35
10.824860895 23
10.824861070 38
10.824861092 3 
10.824861140 48
10.824861183 9 
10.824861237 0 
10.824861262 10
10.824861283 46
10.824861309 1 
10.824861345 33
10.824861350 53
10.824861376 5 
10.824861416 2 
10.824886290 24
10.825295605 10
10.825295618 53
10.825295629 29
10.825295638 49
10.825295652 0 
10.825295652 1 
10.825295654 9 
10.825295754 5 
10.825295838 47
10.825295876 30
10.825295911 19
10.825295936 17
10.825295961 21
10.825295963 33
10.825295999 46
10.825296029 8 
10.825296088 4 
10.825296104 7 
10.825296117 41
10.825296160 25
10.825296184 50
10.825296200 14
10.825296208 43
10.825296227 36
10.825296238 45
10.825296275 38
10.825296306 42
10.826143605 10
10.826143618 53
10.826143629 29
10.826143638 49
10.826143652 0 
10.826143652 1 
10.826143654 9 
10.826143754 5 
10.826143838 47
10.826143876 30
10.826143911 19
10.826143936 17
10.826143961 21
10.826143963 33
10.826143983 40
10.826143999 46
10.826144029 8 
10.826144042 37
10.826144042 51
10.826144088 4 
10.826144104 7 
10.826144117 41
10.826144117 13
10.826144129 28
10.826144129 16
10.826144145 34
10.826144160 25
10.826144184 50
10.826144200 14
10.826144208 43
10.826144227 36
10.826144237 15
10.826144238 31
10.826144238 45
10.826144247 27
10.826144248 12
10.830272267 29
10.830272284 26
10.830272285 11
10.830272293 6 
10.830272408 2 
10.830272435 47
10.830272539 5 
10.830272565 0 
10.830272594 53
10.830272596 10
10.830272615 9 
10.830272623 30
10.830272635 1 
10.830272669 48
10.830272670 40
10.830272683 19
10.830272730 3 
10.830272747 51
10.830272752 33
10.830272780 7 
10.830272785 17
10.830272801 21
10.830272809 37
10.830272812 46
10.830272832 4 
10.830272838 34
10.830272920 31
10.830272929 27
10.830272929 12
10.830272930 18
10.830272940 13
10.830272941 28
10.830272941 16
10.830272944 8 
10.830272948 20
10.830272949 32
10.830272962 35
10.830272987 44
10.830272994 23
10.830273009 52
10.830273020 41
10.830273107 50
10.830273110 25
10.830273135 43
10.831120267 29
10.831120284 26
10.831120285 11
10.831120293 6 
10.831120408 2 
10.831120435 47
10.831120539 5 
10.831120565 0 
10.831120594 53
10.831120596 10
10.831120615 9 
10.831120623 30
10.831120635 1 
10.831120669 48
10.831120670 40
10.831120683 19
10.831120730 3 
10.831120747 51
10.831120752 33
10.831120780 7 
10.831120785 17
10.831120801 21
10.831120809 37
10.831120812 46
10.831120832 4 
10.831120838 34
10.831120920 31
10.831120940 13
10.831120941 28
10.831120941 16
10.831120944 8 
10.831120962 35
10.831120969 15
10.831120994 23
10.831121004 22
10.831575567 53
10.831575592 1 
10.831575606 39
10.831575608 6 
10.831575614 26
10.831575614 11
10.831575653 2 
10.831575678 10
10.831575697 49
10.831575761 29
10.831575769 47
10.831575815 48
10.831575827 3 
10.831575979 23
10.831576171 14
10.832423567 53
10.832423592 1 
10.832423606 39
10.832423608 6 
10.832423614 26
10.832423614 11
10.832423653 2 
10.832423678 10
10.832423697 49
10.832423761 29
10.832423769 47
10.832918695 1 
10.832918706 53
10.832918793 10
10.832918808 38
10.832918892 2 
10.832918906 39
10.832918951 11
10.832918953 26
10.832919000 30
10.832919007 19
10.832919051 49
10.832919083 29
10.832919118 37
10.832919137 40
10.832919179 51
10.833766695 1 
10.833766706 53
10.833766793 10
10.833766808 38
10.833766892 2 
10.833766906 39
10.834201811 45
10.834201910 24
10.834201928 35
10.834201953 14
10.834201954 46
10.834202027 23
10.834202032 33
10.834202094 3 
10.834202107 22
10.834202109 48
10.834202113 0 
10.834202115 9 
10.834202129 4 
10.834202160 5 
10.834202181 15
10.834202248 10
10.834202280 38
10.834202329 1 
10.834202343 2 
10.834202357 53
10.834202373 7 
10.834202399 27
10.834202402 12
10.834202409 29
10.834202432 39
10.834202476 11
10.834202479 26
10.834202480 49
10.835049811 45
10.835049910 24
10.835049928 35
10.835049953 14
10.835049954 46
10.835050027 23
10.835050032 33
10.835050094 3 
10.835050107 22
10.835050109 48
10.835050113 0 
10.835050115 9 
10.835050129 4 
10.835050160 5 
10.835050181 15
10.835050248 10
10.835050280 38
11.710075860 29
11.710075895 2 
11.710075914 10
11.710075938 49
11.710075956 39
11.710075974 11
11.710075976 26
11.710075979 9 
11.710075992 48
11.710076014 1 
11.710076016 53
11.710076032 3 
11.710076052 47
11.710076213 32
11.710076314 44
11.710076345 23
11.710076461 14
11.710076585 50
11.710076601 43
11.710923860 29
11.710923895 2 
11.710923914 10
11.710923938 49
11.710923956 39
11.710923974 11
11.710923976 26
11.710923979 9 
11.710923992 48
11.710924014 1 
11.710924016 53
11.710924052 47
11.715072339 1 
11.715072450 19
11.715072459 37
11.715072482 3 
11.715072556 17
11.715072572 21
11.715072575 13
11.715072579 28
11.715072579 16
11.715072621 51
11.715072636 35
11.715072693 34
11.715072726 23
11.715072767 31
11.715072831 8 
11.715072911 38
11.715920339 1 
11.715920450 19
11.715920459 37
11.715920482 3 
11.715920556 17
11.715920572 21
11.715920575 13
11.715920579 28
11.715920579 16
11.715920636 35
11.715920726 23
11.720029515 21
11.720029555 50
11.720029565 13
11.720029589 43
11.720029598 28
11.720029598 16
11.720029617 19
11.720029669 25
11.720029680 36
11.720029732 37
11.720029799 30
11.720029826 40
11.720029891 39
11.720029899 51
11.720029916 11
11.720029916 26
11.720029939 6 
11.720029961 39
11.720029965 34
11.720029976 34
11.720029999 11
11.720030000 26
11.720030010 49
11.720030037 31
11.720030042 6 
11.720030062 29
11.720030064 38
11.720030072 31
11.720030098 49
11.720030121 47
11.720030139 29
11.720030188 38
11.720030581 7 
11.720877515 21
11.720877555 50
11.720877565 13
11.720877589 43
11.720877598 28
11.720877598 16
11.720877617 19
11.720877669 25
11.720877680 36
11.720877732 37
11.720877799 30
11.720877899 51
11.720877932 40
11.720877961 39
11.720877999 11
11.720878000 26
11.720878042 6 
11.721834364 1 
11.721834366 2 
11.721834391 53
11.722371096 2 
11.722371661 46
11.722681489 42
11.722681761 8 
11.722681772 45
11.722681907 22
11.723218450 21
11.723218494 19
11.723218544 17
11.723218546 37
11.723218701 41
11.723218704 30
11.723218718 51
11.723218757 34
11.723218778 40
11.723218816 31
11.723218824 50
11.723218856 43
11.723218947 25
11.723218953 36
11.723218992 53
11.723219018 1 
11.723219032 39
11.723219034 6 
11.723219040 26
11.723219040 11
11.723219079 2 
11.723219103 10
11.723219122 49
11.723219187 29
11.723219194 47
11.726429127 39
11.726429198 2 
11.726429246 29
11.726429391 5 
11.726429509 39
11.726429518 17
11.726429558 31
11.726429583 2 
11.726429605 33
11.726429607 17
11.726429633 29
11.726429660 41
11.726429663 7 
11.726429664 46
11.726429684 4 
11.726429710 41
11.726429779 50
11.726429779 8 
11.726429791 31
11.726429796 27
11.726429798 12
11.726429801 18
11.726429807 50
11.726429813 43
11.726429826 25
11.726429837 43
11.726429849 20
11.726429882 36
11.726429885 5 
11.726429909 32
11.726429981 14
11.726429982 52
11.726430016 45
11.726430041 38
11.726430051 42
11.726430104 33
11.726430137 7 
11.726430152 46
11.726430202 4 
11.727277509 39
11.727277583 2 
11.727277607 17
11.727277633 29
11.727277710 41
11.727277848 25
11.727277885 5 
11.727277885 36
11.730368299 17
11.730368384 21
11.730368433 13
11.730368465 28
11.730368465 16
11.730368488 19
11.730368569 1 
11.730368581 53
11.730368605 37
11.730368665 30
11.730368668 10
11.730368739 3 
11.730368765 48
11.730368771 51
11.730368801 40
11.730368838 34
11.730368847 23
11.730368853 35
11.730368909 31
11.730369102 8 
11.731216299 17
11.731216384 21
11.731216433 13
11.731216465 28
11.731216465 16
11.731216488 19
11.731216569 1 
11.731216581 53
11.731216605 37
11.731216665 30
11.731216668 10
11.731216683 38
11.731216739 3 
11.731216765 48
11.731216771 51
11.731216801 40
11.731651561 15
11.731651578 22
11.731651611 46
11.731651657 7 
11.731651687 27
11.731651690 12
11.731651698 18
11.731651742 5 
11.731651803 20
11.731651911 44
11.731651914 0 
11.731651951 8 
11.731651977 29
11.731652017 32
11.731652028 9 
11.731652053 49
11.731652071 48
11.731652079 2 
11.731652082 42
11.731652108 52
11.731652112 47
11.731652115 11
11.731652116 39
11.731652116 26
11.731652119 3 
11.731652146 10
11.731652160 6 
11.731652192 35
11.731652236 53
11.731652244 1 
11.731652290 23
11.731652298 45
11.731652373 14
11.732499561 15
11.732499578 22
11.732499611 46
11.732499657 7 
11.732499687 27
11.732499690 12
11.732499698 18
11.732499742 5 
11.732499803 20
11.732499911 44
11.732499914 0 
11.732499951 8 
11.732499977 29
11.732500017 32
11.732500028 9 
11.732500053 49
11.732500071 48
11.732500079 2 
11.732500082 42
11.732500108 52
11.732500112 47
11.732500115 11
11.732500116 39
11.732500116 26
11.732500119 3 
11.732500146 10
11.732500160 6 
11.732500175 55
11.732500175 54
11.732500192 35
11.732500236 53
11.732934284 1 
11.732934347 10
11.732934359 8 
11.732934437 2 
11.732934485 48
11.732934491 39
11.732934496 9 
11.732934504 3 
11.732934556 11
11.732934557 35
11.732934559 26
11.732934568 0 
11.732934582 14
11.732934585 23
11.732934644 49
11.732934648 29
11.732934655 6 
11.732934703 30
11.732934736 22
11.732934737 35
11.732934804 23
11.732934809 15
11.732934837 47
11.732934844 40
11.732934920 14
11.732934930 38
11.732935215 15
11.732935216 22
11.732935261 44
11.732935330 32
11.732935397 52
11.733782284 1 
11.733782347 10
11.733782359 8 
11.733782437 2 
11.733782485 48
11.733782491 39
11.733782496 9 
11.733782504 3 
11.733782556 11
11.733782559 26
11.733782568 0 
11.733782644 49
11.733782648 29
11.733782655 6 
11.733782703 30
11.733782737 35
11.733782754 19
11.733782759 17
11.733782783 25
11.733782804 23
11.733782816 21
11.733782826 37
11.733782837 47
11.733782842 13
11.733782844 40
11.733782852 36
11.733782862 28
11.733782862 16
11.733782882 51
11.733782920 14
11.733782930 38
11.733782987 34
11.737578793 4 
11.737578852 47
11.738031645 0 
11.738031768 9 
11.738032021 42
11.738425899 14
11.738425924 23
11.738426011 35
11.738426047 45
11.738426136 3 
11.738426146 25
11.738426201 48
11.738426219 1 
11.738426241 10
11.738426266 53
11.738426279 43
11.738426289 8 
11.738426293 50
11.738426372 41
11.738879315 47
11.738879346 4 
11.740786646 20
11.740786749 7 
11.740786752 44
11.740787082 5 
11.740787100 33
11.740787173 46
11.740787178 29
11.740787220 47
11.740787240 49
11.740787275 0 
11.740787326 11
11.740787326 26
11.740787334 6 
11.740787496 8 
11.741634646 20
11.741634749 7 
11.741634752 44
11.741635082 5 
11.741635100 33
11.741635173 46
11.741635178 29
11.741635220 47
11.741635240 49
11.741635326 11
11.741635326 26
11.741635334 6 
11.741635340 2 
11.742090476 5 
11.742090504 33
11.742090607 29
11.742090650 49
11.742090662 4 
11.742090708 6 
11.742090734 22
11.742090780 15
11.742090847 47
11.742938166 48
11.742938203 9 
11.742938269 10
11.742938302 1 
11.742938302 0 
11.742938346 53
11.742938441 2 
11.742938460 46
11.742938476 5 
11.742938504 33
11.742938535 39
11.742938598 11
11.742938601 26
11.742938607 29
11.750913174 35
11.750913385 8 
11.750913406 3 
11.750913456 42
11.750913464 48
11.750913500 9 
11.750913567 10
11.750913595 1 
11.750913640 53
11.750913719 46
11.750913762 25
11.750913770 33
16.307121138 0 
16.307473244 3 
