83843 105252 110707 109816
316991 298198 410797 409500
7607 2886 8749 8064
193301 244156 274507 273240
53551 183529 297943 296800
49391 89335 107059 106200
3461 172736 249461 248352
3361 1838 4811 4512
28309 2502 30733 30240
3881 27100 50569 49680
182089 13716 545689 544180
4111 990 7633 7168
306149 269541 326177 324996
22073 25767 35741 35292
2399 3636 13031 12792
3889 4204 9553 9280
64453 61298 95129 94500
25801 15932 131867 130896
56081 101447 107447 106536
8069 912 25063 24640
210907 121221 301109 299904
198031 248529 613429 611820
6211 33080 38897 38400
576493 267247 581629 580060
37337 186401 241607 240576
20333 670 20687 20400
100769 111476 120781 120064
50123 175733 182477 181500
141863 34972 396133 394828
10613 8809 13483 13248
10457 29425 134899 134136
22621 6871 36401 35904
17929 10950 36181 35712
3517 9676 31067 30360
76781 88042 116353 115668
2111 543 2747 2640
62233 380208 418661 417324
18787 26760 39059 38640
1433 1572 2195 1752
24169 12567 48101 47532
73189 131287 169927 169000
74159 229941 248363 247248
71 39 235 184
264977 193416 413671 412344
124703 317554 468287 466896
179089 97922 201379 200376
270583 310243 568693 567180
337 4553 13019 12696
191693 320042 502907 501480
6917 12461 76049 75264
