67153 69554 116749 116064
223837 403650 520207 518760
1 53 55 40
269 504 1271 1200
370883 313974 594259 592704
159389 294161 550051 548512
11 82 91 72
10037 7822 11371 11152
113819 66554 423673 422260
158209 129652 228673 227668
26251 104760 147569 146544
15121 35379 47239 46656
233 355 471 312
278479 135567 324013 322848
7873 8553 15019 14344
15473 10238 20413 20128
378401 132892 426403 425088
457277 427378 617171 615600
274627 412968 608827 607240
1973 4303 5029 4876
9239 24229 45313 44800
1063 117870 210547 209560
376511 286774 456319 454896
1553 1374 9089 8880
28607 26738 31243 30888
30367 17583 35953 35568
66271 5510 158273 157140
15493 40123 43837 43036
31 196 669 444
256121 465171 618487 616896
318319 340132 404297 402960
22739 20024 34037 33600
392503 215456 407921 406644
6577 38611 643843 642208
523969 288452 647239 645624
94747 164159 177773 176928
283 5043 6493 6300
317 689 1294 646
47777 202758 281443 280360
28759 133635 147023 146160
32939 475725 777083 775320
3919 5062 14899 14536
10039 116506 146171 145392
13159 10860 15403 15120
1493 317 4855 3880
19483 10266 20381 20064
77243 7027 127349 126636
5347 3971 6523 5920
87407 163718 346781 345600
227611 121574 231163 230040
