155251 328930 405193 403920
87917 147540 170999 170136
1979 12 3091 2800
464809 162931 915749 913836
2389 57441 65771 64944
228911 1670 274327 273240
83689 178612 326527 325240
82721 122826 142379 141384
1097 584 1477 1260
1399 2058 8749 8064
259517 430513 857251 855400
59393 40330 90331 89352
56383 89009 196283 195360
54779 258529 297821 296700
349039 219074 355493 354240
3109 1634 6119 5880
401 720 1348 1008
81737 157457 602159 600600
36833 44221 95951 95304
19697 37384 131513 130788
146639 60758 166213 165388
756281 89237 974153 972180
109717 71652 159251 158112
321313 294442 614461 612892
437527 202182 904279 902376
15259 164081 185891 184800
11251 18277 56027 55536
209519 79012 225413 224460
89449 65202 305801 304512
8623 11054 30739 30160
223051 60310 241697 240516
101383 41440 120143 119448
9649 5511 14351 14112
419563 138394 434669 433344
29879 31039 84613 83980
21713 73528 100939 100224
113513 2883 365881 364672
631 1096 1322 660
38231 203355 561311 559752
31649 23365 69599 68640
32359 22421 40349 39936
1303 252 2372 1776
11 71 404 300
58687 45895 145699 144936
4177 21023 31453 30940
19391 15526 30599 29736
312353 175651 474577 473200
570181 344569 817261 815452
1459 108 1807 1656
1777 2158 16283 15408
