0.007963037 39 
0.007963130 52 
0.007963155 23 
0.007963174 48 
0.007963181 45 
0.007963195 12 
0.007963209 18 
0.007963227 51 
0.007963239 22 
0.007963347 31 
0.007963659 8 
0.007963695 36 
0.007963774 4 
0.008811037 39 
0.008811130 52 
0.008811155 23 
0.008811174 48 
0.008811181 45 
0.008811195 12 
0.008811209 18 
0.008811227 51 
0.008811239 22 
0.008811347 31 
0.011063335 23 
0.011063350 52 
0.011063384 30 
0.011063391 27 
0.011063410 28 
0.011063456 48 
0.011063532 13 
0.011063535 37 
0.011063584 3 
0.011063592 7 
0.011063643 25 
0.011063652 50 
0.011063661 53 
0.011063663 16 
0.011063670 40 
0.011063680 46 
0.011063777 11 
0.011063790 8 
0.011063966 29 
0.011063974 20 
0.011063985 10 
0.011064041 15 
0.011064061 0 
0.011911335 23 
0.011911350 52 
0.011911384 30 
0.011911391 27 
0.011911410 28 
0.011911456 48 
0.011911532 13 
0.011911535 37 
0.011911551 1 
0.011911584 3 
0.011911592 7 
0.011911643 25 
0.011911652 50 
0.011911663 16 
0.011911670 40 
0.011911680 46 
0.011911777 11 
0.011911787 6 
0.012346161 21 
0.012346264 51 
0.012346279 5 
0.012346295 19 
0.012346308 17 
0.012346315 25 
0.012346317 46 
0.012346329 37 
0.012346421 11 
0.012346455 20 
0.012346552 29 
0.012346574 48 
0.012346598 15 
0.012346600 52 
0.012346635 0 
0.012346639 40 
0.012346641 45 
0.012346642 16 
0.012346699 6 
0.012346708 42 
0.012346736 38 
0.012346779 32 
0.012346923 53 
0.012346990 34 
0.012347028 41 
0.012347034 8 
0.012347175 14 
0.012347191 49 
0.013194161 21 
0.013194257 36 
0.013194264 51 
0.013194279 5 
0.013194295 19 
0.013194308 17 
0.013194315 25 
0.013194317 46 
0.013194329 37 
0.013194421 11 
0.013194455 20 
0.013194552 29 
0.013194574 48 
0.013194598 15 
0.013194600 52 
0.013194635 0 
0.013194639 40 
0.013194641 45 
0.013194642 16 
0.013194699 6 
0.013194708 42 
0.013629020 23 
0.013629045 22 
0.013629099 37 
0.013629136 53 
0.013629187 26 
0.013629207 51 
0.013629218 10 
0.013629329 33 
0.013629329 41 
0.013629347 18 
0.013629355 1 
0.013629387 28 
0.013629405 3 
0.013629426 40 
0.013629429 16 
0.013629449 14 
0.013629481 6 
0.013629490 49 
0.013629518 18 
0.013629531 44 
0.013629558 38 
0.013629669 26 
0.013629695 0 
0.013629728 29 
0.013629738 35 
0.013629760 15 
0.013629849 19 
0.013629863 20 
0.013629868 29 
0.013629895 15 
0.013629966 5 
0.013630165 44 
0.013630225 51 
0.014477020 23 
0.014477045 22 
0.014477099 37 
0.014477136 53 
0.014477218 10 
0.014477329 33 
0.014477329 41 
0.014477355 1 
0.014477387 28 
0.014477405 3 
0.014477426 40 
0.014477429 16 
0.014477449 14 
0.014477481 6 
0.014477490 49 
0.014477518 18 
0.014477558 38 
0.014477669 26 
0.014477695 0 
0.014477738 35 
0.014477846 43 
0.014477863 20 
0.015830184 45 
0.015830232 52 
0.015830237 32 
0.015830267 48 
0.015830274 30 
0.015830369 39 
0.015830400 24 
0.015830417 22 
0.015830429 34 
0.015830465 23 
0.015830466 23 
0.015830470 47 
0.015830481 26 
0.015830491 18 
0.015830496 37 
0.015830532 31 
0.015830583 37 
0.015830594 44 
0.015830601 28 
0.015830610 24 
0.015830611 51 
0.015830643 26 
0.015830656 30 
0.015830670 51 
0.015830720 14 
0.015830799 53 
0.015830809 18 
0.015830825 49 
0.015830884 19 
0.015830911 10 
0.015830931 28 
0.015830939 44 
0.015830981 14 
0.015831191 33 
0.016678184 45 
0.016678232 52 
0.016678237 32 
0.016678267 48 
0.016678369 39 
0.016678417 22 
0.016678429 34 
0.016678466 23 
0.016678470 47 
0.016678532 31 
0.016678583 37 
0.016678610 24 
0.016678643 26 
0.016678656 30 
0.016678670 51 
0.016678809 18 
0.016678931 28 
0.016678939 44 
0.017113059 7 
0.017113094 25 
0.017113099 26 
0.017113104 24 
0.017113112 30 
0.017113247 23 
0.017113254 46 
0.017113284 14 
0.017113335 11 
0.017113404 49 
0.017113420 0 
0.017113425 6 
0.017113442 31 
0.017113467 44 
0.017113513 29 
0.017113530 17 
0.017113552 38 
0.017113583 51 
0.017113610 51 
0.017113638 41 
0.017113699 17 
0.017113737 33 
0.017113754 19 
0.017113797 35 
0.017113817 21 
0.017113865 20 
0.017113962 5 
0.017113993 15 
0.017113997 11 
0.017961059 7 
0.017961094 25 
0.017961099 26 
0.017961104 24 
0.017961112 30 
0.017961247 23 
0.017961254 46 
0.017961284 14 
0.017961404 49 
0.017961442 31 
0.017961467 44 
0.017961610 51 
0.017961699 17 
0.017961817 21 
0.017961865 20 
0.020213119 3 
0.020213235 38 
0.020213265 18 
0.020213267 46 
0.020213292 1 
0.020213344 8 
0.020213358 26 
0.020213400 37 
0.020213400 12 
0.020213410 40 
0.020213421 13 
0.020213424 10 
0.020213432 53 
0.020213448 29 
0.020213450 6 
0.020213450 18 
0.020213453 14 
0.020213468 1 
0.020213475 0 
0.020213491 51 
0.020213499 17 
0.020213505 15 
0.020213509 52 
0.020213526 11 
0.020213531 44 
0.020213552 14 
0.020213560 26 
0.020213560 45 
0.020213566 48 
0.020213569 27 
0.020213575 5 
0.020213579 3 
0.020213607 32 
0.020213610 1 
0.020213616 42 
0.020213619 31 
0.020213621 33 
0.020213647 15 
0.020213655 46 
0.020213660 20 
0.020213672 8 
0.020213678 5 
0.020213682 40 
0.020213725 21 
0.020213759 21 
0.020213764 34 
0.020213765 33 
0.020213774 19 
0.020213826 20 
0.020213883 0 
0.020213915 47 
0.020213917 17 
0.020213919 31 
0.020213935 46 
0.020213950 11 
0.020214062 44 
0.020214096 32 
0.020214112 15 
0.020214115 52 
0.020214125 12 
0.020214142 27 
0.020214151 45 
0.020214170 37 
0.020214175 42 
0.020214179 5 
0.020214214 48 
0.020214250 17 
0.020214256 51 
0.020214264 31 
0.020214311 20 
0.020214313 21 
0.021061235 38 
0.021061421 13 
0.021061424 10 
0.021061432 53 
0.021061448 29 
0.021061450 6 
0.021061450 18 
0.021061552 14 
0.021061560 26 
0.021061579 3 
0.021061610 1 
0.021061672 8 
0.021061682 40 
0.021061765 33 
0.021061883 0 
0.021061935 46 
0.021061950 11 
0.021535882 0 
0.021535960 11 
0.021535968 13 
0.021536004 46 
0.021536026 1 
0.021536069 6 
0.021536107 29 
0.021536120 3 
0.021536124 3 
0.021536145 15 
0.021536156 46 
0.021536161 18 
0.021536171 38 
0.021536240 5 
0.021536250 16 
0.021536251 0 
0.021536267 1 
0.021536275 10 
0.021536283 18 
0.021536290 53 
0.021536304 8 
0.021536306 11 
0.021536324 21 
0.021536339 17 
0.021536346 26 
0.021536347 17 
0.021536357 44 
0.021536364 20 
0.021536372 15 
0.021536388 14 
0.021536393 41 
0.021536402 35 
0.021536402 28 
0.021536433 26 
0.021536436 44 
0.021536455 10 
0.021536465 53 
0.021536481 28 
0.021536488 14 
0.021536492 51 
0.021536537 43 
0.021536543 20 
0.021536557 31 
0.021536562 51 
0.021536585 19 
0.021536585 45 
0.021536586 48 
0.021536602 48 
0.021536606 33 
0.021536606 5 
0.021536606 8 
0.021536608 16 
0.021536633 49 
0.021536636 21 
0.021536637 27 
0.021536638 49 
0.021536639 32 
0.021536643 42 
0.021536673 9 
0.021536697 41 
0.021536732 34 
0.021536787 35 
0.021536849 33 
0.021536907 47 
0.021536923 43 
0.022383968 13 
0.022384069 6 
0.022384107 29 
0.022384124 3 
0.022384156 46 
0.022384171 38 
0.022384251 0 
0.022384267 1 
0.022384283 18 
0.022384306 11 
0.022384347 17 
0.022384372 15 
0.022384433 26 
0.022384436 44 
0.022384455 10 
0.022384465 53 
0.022384481 28 
0.022384488 14 
0.022384543 20 
0.022384585 45 
0.022384606 5 
0.022384606 8 
0.022384608 16 
0.022384636 19 
0.022384636 21 
0.023737277 39 
0.023737384 14 
0.023737398 22 
0.023737446 25 
0.023737511 26 
0.023737515 7 
0.023737579 30 
0.023737666 23 
0.023737883 46 
0.023738071 15 
0.024585277 39 
0.024585384 14 
0.024585398 22 
0.024585446 25 
0.024585511 26 
0.024585515 7 
0.024585545 37 
0.024585566 12 
0.024585579 30 
0.024585666 23 
0.024585674 51 
0.025019789 49 
0.025019880 28 
0.025019913 3 
0.025019940 25 
0.025019945 31 
0.025019951 53 
0.025019993 18 
0.025020009 10 
0.025020065 1 
0.025020086 39 
0.025020101 24 
0.025020112 30 
0.025020144 40 
0.025020174 34 
0.025020179 7 
0.025020181 32 
0.025020189 23 
0.025020211 22 
0.025020220 0 
0.025020228 50 
0.025020239 2 
0.025020254 52 
0.025020277 45 
0.025020282 42 
0.025020295 33 
0.025020319 46 
0.025020320 27 
0.025020360 48 
0.025020380 11 
0.025020395 37 
0.025020404 47 
0.025020461 12 
0.025867789 49 
0.025867880 28 
0.025867913 3 
0.025867940 25 
0.025867945 31 
0.025867951 53 
0.025867993 18 
0.025868009 10 
0.025868065 1 
0.025868086 39 
0.025868101 24 
0.025868112 30 
0.025868144 40 
0.025868174 34 
0.025868179 7 
0.025868181 32 
0.025868189 23 
0.025868211 22 
0.025868220 0 
0.025868228 50 
0.025868239 2 
0.025868254 52 
0.025868277 45 
0.025868282 42 
0.025868286 41 
0.025868319 46 
0.025868320 27 
0.025868334 13 
0.025868341 8 
0.026302695 40 
0.026302724 11 
0.026302768 1 
0.026302777 50 
0.026302779 10 
0.026302786 2 
0.026302819 18 
0.026302867 0 
0.026302870 46 
0.026302901 53 
0.026302947 23 
0.026302999 3 
0.026303087 30 
0.026303185 28 
0.026303404 37 
0.026303432 12 
0.026303477 51 
0.027150695 40 
0.027150724 11 
0.027150755 41 
0.027150768 1 
0.027150777 50 
0.027150779 10 
0.027150786 2 
0.027150809 6 
0.027150819 18 
0.027150867 0 
0.027150870 46 
0.027150901 53 
0.027150947 23 
0.027150999 3 
0.027151020 15 
0.027151021 33 
0.027151087 30 
0.027151185 28 
0.027151203 20 
0.028502995 1 
0.028503056 40 
0.028503072 53 
0.028503215 50 
0.028503231 2 
0.028503239 1 
0.028503254 0 
0.028503255 30 
0.028503263 0 
0.028503263 41 
0.028503272 16 
0.028503276 23 
0.028503293 13 
0.028503295 38 
0.028503308 40 
0.028503319 23 
0.028503329 50 
0.028503332 11 
0.028503337 2 
0.028503345 30 
0.028503347 46 
0.028503359 53 
0.028503361 8 
0.028503395 33 
0.028503404 29 
0.028503410 46 
0.028503417 28 
0.028503463 26 
0.028503470 49 
0.028503472 14 
0.028503484 14 
0.028503485 11 
0.028503508 26 
0.028503509 39 
0.028503520 22 
0.028503523 7 
0.028503528 35 
0.028503550 49 
0.028503563 39 
0.028503585 5 
0.028503596 22 
0.028503597 38 
0.028503598 28 
0.028503604 7 
0.028503608 13 
0.028503613 16 
0.028503618 37 
0.028503626 29 
0.028503627 6 
0.028503638 41 
0.028503653 15 
0.028503657 31 
0.028503657 43 
0.028503665 31 
0.028503667 52 
0.028503687 45 
0.028503693 15 
0.028503710 8 
0.028503713 21 
0.028503715 37 
0.028503743 48 
0.028503750 33 
0.028503765 39 
0.028503766 44 
0.028503770 44 
0.028503786 6 
0.028503829 12 
0.028503837 51 
0.028503840 34 
0.028503844 35 
0.028503845 22 
0.028503846 17 
0.028503870 5 
0.028503874 7 
0.028503900 21 
0.028503904 31 
0.028503911 25 
0.028503926 14 
0.028503980 43 
0.028504070 30 
0.028504226 0 
0.028504358 26 
0.028504446 49 
0.028504472 15 
0.028504617 28 
0.028504748 6 
0.028504902 33 
0.029351239 1 
0.029351308 40 
0.029351319 23 
0.029351329 50 
0.029351337 2 
0.029351359 53 
0.029351410 46 
0.029351485 11 
0.029351597 38 
0.029351608 13 
0.029351613 16 
0.029351626 29 
0.029351638 41 
0.029351687 45 
0.029351706 52 
0.029351710 8 
0.029351765 39 
0.029351788 48 
0.029351840 34 
0.029351845 22 
0.029351874 7 
0.029351904 31 
0.029351911 25 
0.029351926 14 
0.029351981 37 
0.029352070 30 
0.029352114 51 
0.029352156 12 
0.029352226 0 
0.029352358 26 
0.029352379 17 
0.029786243 51 
0.029786384 37 
0.029786464 44 
0.029786530 7 
0.029786577 15 
0.029786686 30 
0.029786732 0 
0.029786749 46 
0.029786776 19 
0.029786800 23 
0.029786853 2 
0.029786866 50 
0.029786935 3 
0.029786992 3 
0.029787003 25 
0.029787009 14 
0.029787038 1 
0.029787039 10 
0.029787048 31 
0.029787070 31 
0.029787217 30 
0.029787231 0 
0.029787280 50 
0.029787293 2 
0.029787310 23 
0.029787388 46 
0.029787422 11 
0.029787451 41 
0.029787738 6 
0.030634243 51 
0.030634384 37 
0.030634464 44 
0.030634530 7 
0.030634577 15 
0.030634820 20 
0.030634894 53 
0.030634990 18 
0.030634992 3 
0.030635003 25 
0.030635009 14 
0.030635086 1 
0.030635098 33 
0.030635128 10 
0.030635161 40 
0.030635217 30 
0.030635231 0 
0.031069480 45 
0.031069515 10 
0.031069524 52 
0.031069529 32 
0.031069541 40 
0.031069552 0 
0.031069567 48 
0.031069578 1 
0.031069629 30 
0.031069653 29 
0.031069657 7 
0.031069661 39 
0.031069669 3 
0.031069693 22 
0.031069701 38 
0.031069721 34 
0.031069721 27 
0.031069735 47 
0.031069752 25 
0.031069765 14 
0.031069786 16 
0.031069794 37 
0.031069817 13 
0.031069823 31 
0.031069824 25 
0.031069889 6 
0.031069911 51 
0.031069914 8 
0.031069918 5 
0.031069918 37 
0.031069925 35 
0.031069937 41 
0.031069947 30 
0.031069949 6 
0.031069964 37 
0.031069995 51 
0.031070001 25 
0.031070017 44 
0.031070059 43 
0.031070078 51 
0.031070108 15 
0.031070133 29 
0.031070154 33 
0.031070172 20 
0.031070188 49 
0.031070208 5 
0.031070218 26 
0.031070234 19 
0.031070258 28 
0.031070320 35 
0.031070323 38 
0.031070329 20 
0.031070351 7 
0.031070381 43 
0.031070385 13 
0.031070423 19 
0.031070426 8 
0.031070438 30 
0.031070441 16 
0.031070653 30 
0.031070669 41 
0.031070758 25 
0.031917480 45 
0.031917515 10 
0.031917524 52 
0.031917529 32 
0.031917541 40 
0.031917552 0 
0.031917567 48 
0.031917578 1 
0.031917661 39 
0.031917669 3 
0.031917693 22 
0.031917721 34 
0.031917721 27 
0.031917735 47 
0.031917765 14 
0.031917823 31 
0.031917949 6 
0.031918017 44 
0.031918078 51 
0.031918108 15 
0.031918133 29 
0.031918205 37 
0.031918208 5 
0.031918320 35 
0.031918323 38 
0.031918329 20 
0.031918351 7 
0.031918381 43 
0.031918385 13 
0.031918423 19 
0.031918426 8 
0.031918441 16 
0.031918653 30 
0.032353085 15 
0.032353112 44 
0.032353259 51 
0.032353298 12 
0.032353300 6 
0.032353332 37 
0.032353380 21 
0.032353398 25 
0.032353424 14 
0.032353486 7 
0.032353503 22 
0.032353553 48 
0.032353595 39 
0.032353607 52 
0.032353638 45 
0.032353812 3 
0.032353929 37 
0.032354052 53 
0.032354080 51 
0.032354242 12 
0.032354405 33 
0.033201085 15 
0.033201112 44 
0.033201300 6 
0.033201380 21 
0.033201398 25 
0.033201424 14 
0.033201537 32 
0.033201595 39 
0.033201641 24 
0.033201657 42 
0.033201683 45 
0.033201686 52 
0.033201730 27 
0.033201747 22 
0.033201784 48 
0.033201795 7 
0.033201806 26 
0.033201812 3 
0.033201845 49 
0.033201929 37 
0.033202052 53 
0.033636258 2 
0.033636260 50 
0.033636280 10 
0.033636317 46 
0.033636382 40 
0.033636441 1 
0.033636552 18 
0.033636582 3 
0.033636673 21 
0.033636696 53 
0.033636705 15 
0.033636714 13 
0.033636729 44 
0.033636744 41 
0.033636760 35 
0.033636764 5 
0.033636783 8 
0.033636823 20 
0.033636897 43 
0.033636924 51 
0.033636963 12 
0.033636986 17 
0.033637013 25 
0.033637043 48 
0.033637075 49 
0.033637104 32 
0.033637105 42 
0.033637109 26 
0.033637126 31 
0.033637224 24 
0.033637267 34 
0.034484258 2 
0.034484260 50 
0.034484280 10 
0.034484317 46 
0.034484382 40 
0.034484441 1 
0.034484552 18 
0.034484582 3 
0.034484673 21 
0.034484696 53 
0.034484705 15 
0.034484729 44 
0.034484744 41 
0.034484823 20 
0.034484924 51 
0.034484935 19 
0.034484963 12 
0.034484976 33 
0.034484986 17 
0.036735672 46 
0.036735767 2 
0.036735779 50 
0.036735806 10 
0.036735807 20 
0.036735828 11 
0.036735935 1 
0.036735944 40 
0.036736021 18 
0.036736155 53 
0.037583605 0 
0.037583672 46 
0.037583738 19 
0.037583767 2 
0.037583779 50 
0.037583806 10 
0.037583807 20 
0.037583811 3 
0.037583828 11 
0.037583881 25 
0.039710575 24 
0.039710701 34 
0.039710747 32 
0.039710751 42 
0.039710782 14 
0.039710818 45 
0.039710867 52 
0.039710872 48 
0.039710886 7 
0.039710925 31 
0.039710948 39 
0.039710971 39 
0.039710980 52 
0.039710994 25 
0.039711023 22 
0.039711031 45 
0.039711035 22 
0.039711040 48 
0.039711044 14 
0.039711060 25 
0.039711090 7 
0.039711116 37 
0.039711118 37 
0.039711132 31 
0.039711207 51 
0.039711211 51 
0.039711431 17 
0.039711435 26 
0.039711477 49 
0.039711505 12 
0.040558575 24 
0.040558701 34 
0.040558747 32 
0.040558751 42 
0.040558782 14 
0.040558818 45 
0.040558867 52 
0.040558872 48 
0.040558886 7 
0.040558925 31 
0.040558971 39 
0.040558994 25 
0.040559035 22 
0.040559118 37 
0.040559211 51 
0.040993124 22 
0.040993149 52 
0.040993187 45 
0.040993223 42 
0.040993250 48 
0.040993283 30 
0.040993291 25 
0.040993312 37 
0.040993318 7 
0.040993324 31 
0.040993361 0 
0.040993376 34 
0.040993399 3 
0.040993454 24 
0.040993468 51 
0.040993504 27 
0.040993504 47 
0.040993581 46 
0.040993595 2 
0.040993598 50 
0.040993725 26 
0.040993731 11 
0.040993865 12 
0.040993896 17 
0.040993939 51 
0.040993992 46 
0.040994004 10 
0.040994005 37 
0.040994088 0 
0.040994102 30 
0.040994314 40 
0.040994340 1 
0.040994449 18 
0.040994599 53 
0.040994867 49 
0.040994880 26 
0.041841124 22 
0.041841149 52 
0.041841187 45 
0.041841223 42 
0.041841250 48 
0.041841291 25 
0.041841318 7 
0.041841324 31 
0.041841376 34 
0.041841399 3 
0.041841454 24 
0.041841504 27 
0.041841504 47 
0.041841865 12 
0.041841892 9 
0.041841896 17 
0.041841932 36 
0.041841939 51 
0.041841992 46 
0.041842004 10 
0.041842005 37 
0.041842082 6 
0.041842088 0 
0.041842097 11 
0.041842102 30 
0.041842113 2 
0.041842129 50 
0.041842202 21 
0.041842228 29 
0.041842287 23 
0.041842314 40 
0.041842340 1 
0.043175096 51 
0.043175106 22 
0.043175191 52 
0.043175229 45 
0.043175257 39 
0.043175295 42 
0.043175318 30 
0.043175325 14 
0.043175328 17 
0.043175375 32 
0.043175390 0 
0.043175399 12 
0.043175458 44 
0.043175491 15 
0.043175492 24 
0.043175524 3 
0.043175553 46 
0.043175566 36 
0.043175571 9 
0.043175576 25 
0.043175588 34 
0.043175595 27 
0.043175602 31 
0.043175611 2 
0.043175616 47 
0.043175619 50 
0.043175662 10 
0.043175700 4 
0.043175708 1 
0.043175716 11 
0.043175743 40 
0.043175768 19 
0.043175826 20 
0.044023096 51 
0.044023106 22 
0.044023191 52 
0.044023229 45 
0.044023257 39 
0.044023295 42 
0.044023318 30 
0.044023325 14 
0.044023328 17 
0.044023375 32 
0.044023390 0 
0.044023399 12 
0.044023458 44 
0.044023491 15 
0.044023492 24 
0.044023524 3 
0.044023553 46 
0.044023566 36 
0.044023571 9 
0.044023576 25 
0.044023588 34 
0.044023595 27 
0.044023602 31 
0.044023616 47 
0.044457835 19 
0.044457842 9 
0.044457859 4 
0.044457907 51 
0.044457965 37 
0.044457996 19 
0.044458095 22 
0.044458112 46 
0.044458120 10 
0.044458131 30 
0.044458145 0 
0.044458163 29 
0.044458177 4 
0.044458208 11 
0.044458211 48 
0.044458213 7 
0.044458229 2 
0.044458233 52 
0.044458235 39 
0.044458236 10 
0.044458245 50 
0.044458275 45 
0.044458283 9 
0.044458301 46 
0.044458343 42 
0.044458351 2 
0.044458368 23 
0.044458376 38 
0.044458377 3 
0.044458421 46 
0.044458428 40 
0.044458442 1 
0.044458503 38 
0.044458514 29 
0.044458524 2 
0.044458535 0 
0.044458538 50 
0.044458563 16 
0.044458603 30 
0.044458612 0 
0.044458636 37 
0.044458653 30 
0.044458659 9 
0.044458696 11 
0.044458701 40 
0.044458754 37 
0.044458755 1 
0.044458758 22 
0.044458767 41 
0.044458793 10 
0.044458813 50 
0.044458817 2 
0.044458823 3 
0.044458860 46 
0.044458868 18 
0.044458882 7 
0.044458882 48 
0.044458892 39 
0.044458903 52 
0.044458946 45 
0.044459014 53 
0.044459052 0 
0.044459131 30 
0.044459270 33 
0.044459423 9 
0.045305907 51 
0.045305996 19 
0.045306177 4 
0.045306368 23 
0.045306503 38 
0.045306514 29 
0.045306563 16 
0.045306696 11 
0.045306767 41 
0.045306783 40 
0.045306793 10 
0.045306813 50 
0.045306817 2 
0.045306860 1 
0.045306860 46 
0.045306916 18 
0.045740921 38 
0.045740958 13 
0.045740958 35 
0.045741001 5 
0.045741058 13 
0.045741063 35 
0.045741082 23 
0.045741094 23 
0.045741114 40 
0.045741154 5 
0.045741171 1 
0.045741187 18 
0.045741232 53 
0.045741244 50 
0.045741256 2 
0.045741286 46 
0.045741288 2 
0.045741288 3 
0.045741292 50 
0.045741338 33 
0.045741386 1 
0.045741409 40 
0.045741424 11 
0.045741465 11 
0.045741468 18 
0.045741512 10 
0.045741542 39 
0.045741578 15 
0.045741580 37 
0.045741580 44 
0.045741586 33 
0.045741601 10 
0.045741606 53 
0.045741640 53 
0.045741661 14 
0.045741674 42 
0.045741710 32 
0.045741731 15 
0.045741737 51 
0.045741768 20 
0.045741840 34 
0.045741862 25 
0.045741888 53 
0.045741889 19 
0.045741894 31 
0.045741970 44 
0.045741979 33 
0.045741980 25 
0.045741983 18 
0.045741992 17 
0.045742014 27 
0.045742042 31 
0.045742043 12 
0.045742084 11 
0.045742090 10 
0.045742103 18 
0.045742132 24 
0.045742203 34 
0.045742217 9 
0.045742267 36 
0.045742279 32 
0.045742298 42 
0.045742318 14 
0.045742321 20 
0.045742366 45 
0.045742416 11 
0.045742431 31 
0.045742442 7 
0.045742504 25 
0.045742616 10 
0.045742996 17 
0.045743069 12 
0.045743149 18 
0.046588921 38 
0.046589058 13 
0.046589063 35 
0.046589094 23 
0.046589154 5 
0.046589286 46 
0.046589288 2 
0.046589288 3 
0.046589292 50 
0.046589386 1 
0.046589409 40 
0.046589542 39 
0.046589580 37 
0.046589613 48 
0.046589737 51 
0.046589773 28 
0.046589888 53 
0.046589970 44 
0.046589992 15 
0.046590014 27 
0.046590091 33 
0.046590132 24 
0.046590203 34 
0.046590279 32 
0.046590298 42 
0.046590318 14 
0.046590366 45 
0.046590431 31 
0.046590442 7 
0.046590504 25 
0.047025751 6 
0.047025935 29 
0.047025962 10 
0.047026036 11 
0.047026056 20 
0.047026125 38 
0.047026150 46 
0.047026222 15 
0.047026243 16 
0.047026262 44 
0.047026280 40 
0.047026471 41 
0.047026544 12 
0.047026576 53 
0.047026591 17 
0.047873751 6 
0.047873935 29 
0.047873962 10 
0.047873994 23 
0.047874010 5 
0.047874036 11 
0.047874056 20 
0.047874122 35 
0.047874125 38 
0.047874150 46 
0.047874176 8 
0.047874183 43 
0.047874222 15 
0.047874225 19 
0.047874231 13 
0.047874243 16 
0.047874262 44 
0.047874280 40 
0.047874401 4 
0.048308395 20 
0.048308548 15 
0.048308563 44 
0.048308575 50 
0.048308590 2 
0.048308661 12 
0.048308688 0 
0.048308695 11 
0.048308708 46 
0.048308717 38 
0.048308729 16 
0.048308732 17 
0.048308748 30 
0.048308772 51 
0.048308786 29 
0.048308806 22 
0.048308829 21 
0.048308888 13 
0.048308962 35 
0.048308971 23 
0.048308985 30 
0.048309008 5 
0.048309028 17 
0.048309034 8 
0.048309039 0 
0.048309059 44 
0.048309073 25 
0.048309082 12 
0.048309088 21 
0.048309089 15 
0.048309097 43 
0.048309118 15 
0.048309134 44 
0.048309159 46 
0.048309199 23 
0.048309207 5 
0.048309302 31 
0.048309304 35 
0.048309338 34 
0.048309369 8 
0.048309385 43 
0.048309520 47 
0.048309526 27 
0.048309609 21 
0.048309683 26 
0.048309688 49 
0.048309976 28 
0.049156395 20 
0.049156575 50 
0.049156590 2 
0.049156695 11 
0.049156717 38 
0.049156729 16 
0.049156772 51 
0.049156786 29 
0.049156806 22 
0.049156888 13 
0.049156891 52 
0.049156929 45 
0.049156957 39 
0.049156985 30 
0.049156995 42 
0.049157025 14 
0.049157028 17 
0.049157039 0 
0.049157075 32 
0.049157082 12 
0.049157118 15 
0.049157134 44 
0.049157159 46 
0.049157277 25 
0.049157302 31 
0.049591410 48 
0.049591471 7 
0.049591525 39 
0.049591531 22 
0.049591706 0 
0.049591713 11 
0.049591726 46 
0.049591734 38 
0.049591766 30 
0.049591774 25 
0.049591792 30 
0.049591799 31 
0.049591813 47 
0.049591818 50 
0.049591818 2 
0.049591841 16 
0.049591847 46 
0.049591870 0 
0.049591905 13 
0.049591930 10 
0.049591980 35 
0.049591996 17 
0.049591996 35 
0.049592051 0 
0.049592061 23 
0.049592061 12 
0.049592062 10 
0.049592062 41 
0.049592065 44 
0.049592081 5 
0.049592087 25 
0.049592088 13 
0.049592093 15 
0.049592102 35 
0.049592125 23 
0.049592128 30 
0.049592134 20 
0.049592135 15 
0.049592136 15 
0.049592144 5 
0.049592152 44 
0.049592168 44 
0.049592175 31 
0.049592180 26 
0.049592186 49 
0.049592202 13 
0.049592228 9 
0.049592230 36 
0.049592237 16 
0.049592239 38 
0.049592280 10 
0.049592280 19 
0.049592301 20 
0.049592325 33 
0.049592348 4 
0.049592349 38 
0.049592352 16 
0.049592390 41 
0.049592393 19 
0.049592409 17 
0.049592415 12 
0.049592457 33 
0.049592470 21 
0.049592473 28 
0.049592500 41 
0.049592511 11 
0.049592527 21 
0.049592538 47 
0.049592600 25 
0.049592608 11 
0.049592682 31 
0.049592730 33 
0.049592813 10 
0.049592838 0 
0.049592916 30 
0.049592966 15 
0.049593001 44 
0.050439410 48 
0.050439471 7 
0.050439525 39 
0.050439531 22 
0.050439818 50 
0.050439818 2 
0.050439847 46 
0.050440102 35 
0.050440125 23 
0.050440144 5 
0.050440202 13 
0.050440349 38 
0.050440352 16 
0.050440500 41 
0.050440527 21 
0.050440608 11 
0.050440730 33 
0.051773524 41 
0.051773648 53 
0.051773752 16 
0.051773768 18 
0.051773813 13 
0.051773858 1 
0.051773871 38 
0.051773956 35 
0.051773968 8 
0.051774022 43 
0.051774075 5 
0.051774088 23 
0.051774336 25 
0.051774580 14 
0.051774593 32 
0.051774664 42 
0.052621524 41 
0.052621648 53 
0.052621752 16 
0.052621768 18 
0.052621813 13 
0.052621858 1 
0.052621871 38 
0.052621909 49 
0.052621956 35 
0.052621968 8 
0.052621968 26 
0.052622022 43 
0.052622075 5 
0.052622088 23 
0.053056791 52 
0.053056835 42 
0.053056856 32 
0.053056872 31 
0.053056875 47 
0.053056877 30 
0.053056904 14 
0.053056906 27 
0.053056906 14 
0.053056909 22 
0.053056910 45 
0.053056923 52 
0.053056945 42 
0.053056945 32 
0.053056956 42 
0.053056964 39 
0.053056965 24 
0.053057006 37 
0.053057011 45 
0.053057015 24 
0.053057026 14 
0.053057028 22 
0.053057031 18 
0.053057040 52 
0.053057048 39 
0.053057051 1 
0.053057058 53 
0.053057063 32 
0.053057074 51 
0.053057078 24 
0.053057095 39 
0.053057118 27 
0.053057122 50 
0.053057124 40 
0.053057126 2 
0.053057141 47 
0.053057158 46 
0.053057191 27 
0.053057219 47 
0.053057254 0 
0.053057296 30 
0.053057306 17 
0.053057350 30 
0.053057367 0 
0.053057368 3 
0.053057377 12 
0.053057391 3 
0.053057416 33 
0.053057425 0 
0.053057429 46 
0.053057431 26 
0.053057436 44 
0.053057469 15 
0.053057473 49 
0.053057480 2 
0.053057488 50 
0.053057494 3 
0.053057530 46 
0.053057544 36 
0.053057549 9 
0.053057566 1 
0.053057589 2 
0.053057592 11 
0.053057597 50 
0.053057604 40 
0.053057612 9 
0.053057617 18 
0.053057626 36 
0.053057654 46 
0.053057667 53 
0.053057708 26 
0.053057727 49 
0.053057748 44 
0.053057771 15 
0.053904872 31 
0.053904956 42 
0.053905006 37 
0.053905011 45 
0.053905026 14 
0.053905028 22 
0.053905040 52 
0.053905063 32 
0.053905074 51 
0.053905078 24 
0.053905095 39 
0.053905191 27 
0.053905219 47 
0.053905306 17 
0.053905350 30 
0.053905377 12 
0.053905425 0 
0.053905494 3 
0.054340475 13 
0.054340624 16 
0.054340626 38 
0.054340701 50 
0.054340716 2 
0.054340728 29 
0.054340748 3 
0.054340831 46 
0.054340875 0 
0.054340898 11 
0.054340912 40 
0.054340937 30 
0.054340947 6 
0.054340964 21 
0.054340981 1 
0.054340987 50 
0.054340994 2 
0.054341059 46 
0.054341216 3 
0.054341225 0 
0.054341232 15 
0.054341256 44 
0.054341303 30 
0.054341463 28 
0.054341500 49 
0.054341554 26 
0.055188453 53 
0.055188475 13 
0.055188495 18 
0.055188624 16 
0.055188626 38 
0.055188728 29 
0.055188898 11 
0.055188912 40 
0.055188947 6 
0.055188981 1 
0.055188987 50 
0.055188994 2 
0.055189059 46 
0.055623886 42 
0.055623908 45 
0.055623926 52 
0.055623979 39 
0.055624009 48 
0.055624062 25 
0.055624068 7 
0.055624089 24 
0.055624115 31 
0.055624118 31 
0.055624121 3 
0.055624132 25 
0.055624167 27 
0.055624178 47 
0.055624200 37 
0.055624233 1 
0.055624284 18 
0.055624285 30 
0.055624309 40 
0.055624334 51 
0.055624335 30 
0.055624364 0 
0.055624395 53 
0.055624398 3 
0.055624420 50 
0.055624431 2 
0.055624565 11 
0.055624575 47 
0.055624580 46 
0.055624589 17 
0.055624604 27 
0.055624624 1 
0.055624633 44 
0.055624650 18 
0.055624653 12 
0.055624656 41 
0.055624658 15 
0.055624678 40 
0.055624727 53 
0.055624786 33 
0.055624817 9 
0.055624821 36 
0.056471886 42 
0.056471908 45 
0.056471926 52 
0.056471979 39 
0.056472009 48 
0.056472068 7 
0.056472089 24 
0.056472118 31 
0.056472132 25 
0.056472200 37 
0.056472334 51 
0.056472335 30 
0.056472364 0 
0.056472398 3 
0.056472580 46 
0.056472589 17 
0.056472599 2 
0.056472602 50 
0.057824835 1 
0.057824895 18 
0.057824925 50 
0.057824933 2 
0.057825034 53 
0.057825042 46 
0.057825076 0 
0.057825080 11 
0.057825145 30 
0.057825222 29 
0.057825233 41 
0.057825346 33 
0.057825368 13 
0.057825393 6 
0.057825415 22 
0.057825420 39 
0.057825435 49 
0.057825440 35 
0.057825454 15 
0.057825473 44 
0.057825475 26 
0.057825477 5 
0.057825495 21 
0.057825498 37 
0.057825508 25 
0.057825513 8 
0.057825554 28 
0.057825570 52 
0.057825575 43 
0.057825594 31 
0.057825599 51 
0.057825608 14 
0.057825619 45 
0.057825624 23 
0.057825640 32 
0.057825640 48 
0.057825668 42 
0.057825693 7 
0.057825769 34 
0.058672835 1 
0.058672895 18 
0.058672925 50 
0.058672933 2 
0.058673034 53 
0.058673042 46 
0.058673076 0 
0.058673080 11 
0.058673145 30 
0.058673222 29 
0.058673233 41 
0.058673346 33 
0.058673368 13 
0.058673393 6 
0.058673415 22 
0.058673420 39 
0.058673435 49 
0.058673454 15 
0.058673473 44 
0.058673475 26 
0.058673498 37 
0.058673508 25 
0.058673514 10 
0.059107061 46 
0.059107083 11 
0.059107134 40 
0.059107168 1 
0.059107249 29 
0.059107258 18 
0.059107266 3 
0.059107282 18 
0.059107298 1 
0.059107311 46 
0.059107312 3 
0.059107313 38 
0.059107349 40 
0.059107390 3 
0.059107392 16 
0.059107394 6 
0.059107410 1 
0.059107433 40 
0.059107448 11 
0.059107470 16 
0.059107474 15 
0.059107492 18 
0.059107492 44 
0.059107497 21 
0.059107507 22 
0.059107509 22 
0.059107512 41 
0.059107523 13 
0.059107530 38 
0.059107535 41 
0.059107543 5 
0.059107544 35 
0.059107549 39 
0.059107552 37 
0.059107554 10 
0.059107554 37 
0.059107555 39 
0.059107602 15 
0.059107604 44 
0.059107618 13 
0.059107624 8 
0.059107625 29 
0.059107627 11 
0.059107634 51 
0.059107636 20 
0.059107639 51 
0.059107676 29 
0.059107676 48 
0.059107679 43 
0.059107681 38 
0.059107702 23 
0.059107705 14 
0.059107711 25 
0.059107721 6 
0.059107722 25 
0.059107733 19 
0.059107736 35 
0.059107741 22 
0.059107741 16 
0.059107745 7 
0.059107748 39 
0.059107755 32 
0.059107757 25 
0.059107770 12 
0.059107772 17 
0.059107780 10 
0.059107788 8 
0.059107790 26 
0.059107791 31 
0.059107819 5 
0.059107838 41 
0.059107840 21 
0.059107846 37 
0.059107853 43 
0.059107855 49 
0.059107862 20 
0.059107886 13 
0.059107913 19 
0.059107920 35 
0.059107923 5 
0.059107926 6 
0.059107930 23 
0.059107934 34 
0.059107978 51 
0.059107990 21 
0.059107999 8 
0.059108013 25 
0.059108014 31 
0.059108056 43 
0.059108142 10 
0.059108166 3 
0.059108223 20 
0.059108234 17 
0.059108285 44 
0.059108297 12 
0.059108312 15 
0.059108326 12 
0.059108436 11 
0.059108487 26 
0.059108506 49 
0.059108618 29 
0.059108736 16 
0.059108797 41 
0.059108886 13 
0.059955311 46 
0.059955410 1 
0.059955433 40 
0.059955492 18 
0.059955676 48 
0.059955681 38 
0.059955705 14 
0.059955741 22 
0.059955745 7 
0.059955748 39 
0.059955755 32 
0.059955846 37 
0.059955967 34 
0.059955978 51 
0.059955999 27 
0.059956012 47 
0.059956013 25 
0.059956014 31 
0.059956166 3 
0.059956234 17 
0.059956285 44 
0.059956312 15 
0.060410635 12 
0.060410648 4 
0.060410710 17 
0.060410799 4 
0.060410837 44 
0.060410860 15 
0.060410939 15 
0.060410953 51 
0.060410954 44 
0.060411097 37 
0.060411230 6 
0.060411262 7 
0.060411268 46 
0.060411282 22 
0.060411284 6 
0.060411289 51 
0.060411294 48 
0.060411295 46 
0.060411325 21 
0.060411367 11 
0.060411387 37 
0.060411428 29 
0.060411535 22 
0.060411613 1 
0.060411614 7 
0.060411625 48 
0.060411678 3 
0.060411758 18 
0.060411820 50 
0.060411835 2 
0.060411947 46 
0.060412184 37 
0.060412232 6 
0.061258635 12 
0.061258710 17 
0.061258799 4 
0.061258939 15 
0.061258954 44 
0.061259289 51 
0.061675542 46 
0.061675608 22 
0.061675777 48 
0.062522752 49 
0.062522795 26 
0.062522900 33 
0.062522938 53 
0.062523082 18 
0.062523105 41 
0.062523196 3 
0.062523196 1 
0.062672192 3 
0.062672194 1 
0.063519250 19 
0.063519382 12 
0.063519418 20 
0.063519430 44 
0.063519435 15 
0.063519448 10 
0.063519458 17 
0.063519674 51 
0.063519768 6 
0.063519799 37 
0.063519840 46 
0.063519847 21 
0.064827958 17 
0.064828018 12 
0.064828078 44 
0.064828115 15 
0.064828253 0 
0.064828305 10 
0.064828306 46 
0.064828358 20 
0.064828393 46 
0.064828443 2 
0.064828452 50 
0.064828465 15 
0.064828487 3 
0.064828505 44 
0.064828579 40 
0.064828695 30 
0.064828731 25 
0.064828764 47 
0.064828766 34 
0.064828819 41 
0.065675958 17 
0.065676018 12 
0.065676300 11 
0.065676305 10 
0.065676358 20 
0.065676393 46 
0.065676443 2 
0.065676452 50 
0.065676465 15 
0.065676505 44 
0.065676628 0 
0.065676636 1 
0.065676695 30 
0.065676741 18 
0.065676777 3 
0.066111428 37 
0.066111549 51 
0.066111598 30 
0.066111675 0 
0.066111801 17 
0.066111867 12 
0.066111873 46 
0.066111909 2 
0.066111913 3 
0.066111915 50 
0.066111966 50 
0.066111967 1 
0.066111981 2 
0.066111985 5 
0.066111990 29 
0.066112008 18 
0.066112013 40 
0.066112023 11 
0.066112052 26 
0.066112074 49 
0.066112094 0 
0.066112101 46 
0.066112214 29 
0.066112518 5 
0.066959428 37 
0.066959549 51 
0.066959598 30 
0.066959662 16 
0.066959723 13 
0.066959781 38 
0.066959801 17 
0.066959866 35 
0.066959867 12 
0.066959878 8 
0.066959913 3 
0.066959932 43 
0.066959966 50 
0.066959981 2 
0.067394195 46 
0.067394298 29 
0.067394309 40 
0.067394372 1 
0.067394403 0 
0.067394442 6 
0.067394480 30 
0.067394482 18 
0.067394493 29 
0.067394513 3 
0.067394540 15 
0.067394545 21 
0.067394567 40 
0.067394568 44 
0.067394575 5 
0.067394596 10 
0.067394616 16 
0.067394624 53 
0.067394641 1 
0.067394675 43 
0.067394679 20 
0.067394692 18 
0.067394694 13 
0.067394711 23 
0.067394727 53 
0.067394727 22 
0.067394728 43 
0.067394738 37 
0.067394751 23 
0.067394763 6 
0.067394769 18 
0.067394774 53 
0.067394774 19 
0.067394782 21 
0.067394790 39 
0.067394794 51 
0.067394799 40 
0.067394817 1 
0.067394826 39 
0.067394835 35 
0.067394859 22 
0.067394862 8 
0.067394866 12 
0.067394872 3 
0.067394882 17 
0.067394883 0 
0.067394922 43 
0.067394954 37 
0.067394960 30 
0.067394971 25 
0.067395016 23 
0.067395021 3 
0.067395058 10 
0.067395069 51 
0.067395100 15 
0.067395113 30 
0.067395126 20 
0.067395129 44 
0.067395143 28 
0.067395149 0 
0.067395191 0 
0.067395210 30 
0.067395220 49 
0.067395220 6 
0.067395237 21 
0.067395254 3 
0.067395268 26 
0.067395269 19 
0.067395425 15 
0.067395430 12 
0.067395447 17 
0.067395504 10 
0.067395530 44 
0.067395771 6 
0.068242195 46 
0.068242493 29 
0.068242575 5 
0.068242616 16 
0.068242694 13 
0.068242769 18 
0.068242774 53 
0.068242799 40 
0.068242817 1 
0.068242826 39 
0.068242835 35 
0.068242859 22 
0.068242862 8 
0.068242922 43 
0.068242954 37 
0.068242989 31 
0.068243011 25 
0.068243016 23 
0.068243069 51 
0.068243191 0 
0.068243210 30 
0.068243254 3 
0.068678039 37 
0.068678124 30 
0.068678139 17 
0.068678172 51 
0.068678237 3 
0.068678249 19 
0.068678271 44 
0.068678294 15 
0.068678387 51 
0.068678405 20 
0.068678413 10 
0.068678532 37 
0.068678566 53 
0.068678769 30 
0.068678814 21 
0.068678870 41 
0.068679305 23 
0.069526139 17 
0.069526237 3 
0.069526249 19 
0.069526271 44 
0.069526294 15 
0.069526387 51 
0.069526405 20 
0.069526413 10 
0.069526532 37 
0.069960943 46 
0.069960976 20 
0.069960988 4 
0.069961019 10 
0.069961059 0 
0.069961109 9 
0.069961127 40 
0.069961134 37 
0.069961137 30 
0.069961139 29 
0.069961155 36 
0.069961241 12 
0.069961255 51 
0.069961283 6 
0.069961283 3 
0.069961304 30 
0.069961313 17 
0.069961340 6 
0.069961381 0 
0.069961381 0 
0.069961387 21 
0.069961388 11 
0.069961409 21 
0.069961410 38 
0.069961422 16 
0.069961441 30 
0.069961478 41 
0.069961479 51 
0.069961479 29 
0.069961481 35 
0.069961507 17 
0.069961524 51 
0.069961558 8 
0.069961573 12 
0.069961581 13 
0.069961592 43 
0.069961613 25 
0.069961642 0 
0.069961649 33 
0.069961653 12 
0.069961655 17 
0.069961701 6 
0.069961701 5 
0.069961758 26 
0.069961763 25 
0.069961780 49 
0.069961781 21 
0.069961788 5 
0.069961834 28 
0.069961842 23 
0.069961884 35 
0.069961911 23 
0.069961918 51 
0.069961950 8 
0.069961952 6 
0.069961965 43 
0.069962081 21 
0.069962084 17 
0.069962091 12 
0.070808943 46 
0.070808976 20 
0.070808988 4 
0.070809019 10 
0.070809109 9 
0.070809127 40 
0.070809134 37 
0.070809155 36 
0.070809283 3 
0.070809388 11 
0.070809410 38 
0.070809422 16 
0.070809441 30 
0.070809478 41 
0.070809479 29 
0.070809581 13 
0.070809649 33 
0.070809763 25 
0.071244493 49 
0.071244627 16 
0.071244628 38 
0.071244730 29 
0.071244779 41 
0.071244810 28 
0.071244859 21 
0.071244900 11 
0.071244915 6 
0.071244941 25 
0.071244997 31 
0.071245016 33 
0.071245061 46 
0.071245145 33 
0.071245187 39 
0.071245214 30 
0.071245240 41 
0.071245305 30 
0.071245317 22 
0.071245401 46 
0.071245444 11 
0.071245603 39 
0.072092493 49 
0.072092627 16 
0.072092628 38 
0.072092730 29 
0.072092810 28 
0.072092859 21 
0.072092915 6 
0.072092941 25 
0.072092997 31 
0.072093145 33 
0.072093222 34 
0.072093240 41 
0.072093262 32 
0.073515816 8 
0.073515887 35 
0.073515929 5 
0.073515987 13 
0.073516134 38 
0.073516138 16 
0.073516218 29 
0.073516285 41 
0.073516312 21 
0.073516380 6 
0.073516393 11 
0.073516422 40 
0.073516490 50 
0.073516492 1 
0.073516497 2 
0.073516515 33 
0.073516526 18 
0.073516556 46 
0.073516569 53 
0.073847314 46 
0.073847348 2 
0.073847353 50 
0.073847389 1 
0.073847441 40 
0.074694496 42 
0.074694539 32 
0.074694556 45 
0.074694557 14 
0.074694580 34 
0.074694588 7 
0.074694590 48 
0.074694607 52 
0.074694742 39 
0.074694777 22 
0.074694782 31 
0.074694836 37 
0.074694837 25 
0.074694914 51 
0.074695035 30 
0.074885511 46 
0.074885534 2 
0.074885538 50 
0.074885553 1 
0.074885611 40 
0.075863560 46 
0.075863579 2 
0.075863582 50 
0.075863589 1 
0.075863602 18 
0.075863658 53 
0.076710656 34 
0.076710732 32 
0.076710751 42 
0.076710771 14 
0.076710819 45 
0.076710866 52 
0.076710881 48 
0.076710884 31 
0.076710895 7 
0.076710957 25 
0.076710958 39 
0.076711032 22 
0.076711125 37 
0.076711220 51 
0.080594761 41 
0.080594827 41 
0.080594926 40 
0.080595007 28 
0.080595029 40 
0.080595035 50 
0.080595045 2 
0.080595068 49 
0.080595080 11 
0.080595128 26 
0.080595129 29 
0.080595130 46 
0.080595215 50 
0.080595231 2 
0.080595239 29 
0.080595264 0 
0.080595272 11 
0.080595339 30 
0.080595343 0 
0.080595351 46 
0.080595379 6 
0.080595443 21 
0.080595481 49 
0.080595495 25 
0.080595535 26 
0.080595576 39 
0.080595578 31 
0.080595610 22 
0.081442827 41 
0.081443007 28 
0.081443029 40 
0.081443215 50 
0.081443231 2 
0.081443239 29 
0.081877941 22 
0.081877948 39 
0.081877951 22 
0.081878007 48 
0.081878018 7 
0.081878102 39 
0.081878130 30 
0.081878185 0 
0.081878203 30 
0.081878204 44 
0.081878213 25 
0.081878234 15 
0.081878280 0 
0.081878304 46 
0.081878337 24 
0.081878422 25 
0.081878433 34 
0.081878435 17 
0.081878440 27 
0.081878447 31 
0.081878461 47 
0.081878477 46 
0.081878486 44 
0.081878498 12 
0.081878508 10 
0.081878512 15 
0.081878624 6 
0.081878662 9 
0.081878666 36 
0.081878688 26 
0.081878707 49 
0.081878754 21 
0.081878777 4 
0.081878780 10 
0.081878817 19 
0.081878847 20 
0.082725918 51 
0.082725951 22 
0.082725955 32 
0.082726007 48 
0.082726018 7 
0.082726102 39 
0.082726203 30 
0.082726280 0 
0.082726337 24 
0.082726422 25 
0.082726433 34 
0.082726435 17 
0.082726440 27 
0.082726447 31 
0.082726461 47 
0.082726477 46 
0.082726486 44 
0.082726498 12 
0.082726512 15 
0.084079872 29 
0.084079960 10 
0.084079973 11 
0.084079993 20 
0.084079996 5 
0.084080062 38 
0.084080087 46 
0.084080089 35 
0.084080122 2 
0.084080129 50 
0.084080131 23 
0.084080155 8 
0.084080159 15 
0.084080162 19 
0.084080175 43 
0.084080176 13 
0.084080179 16 
0.084080199 44 
0.084080217 40 
0.084080291 1 
0.084080321 0 
0.084080338 4 
0.084080389 18 
0.084080391 30 
0.084080408 41 
0.084080422 9 
0.084080454 3 
0.084080472 36 
0.084080481 12 
0.084927872 29 
0.084927960 10 
0.084927973 11 
0.084927993 20 
0.084927996 5 
0.084928062 38 
0.084928087 46 
0.084928089 35 
0.084928122 2 
0.084928129 50 
0.084928131 23 
0.084928155 8 
0.084928159 15 
0.084928162 19 
0.084928175 43 
0.084928176 13 
0.084928179 16 
0.084928199 44 
0.084928217 40 
0.084928291 1 
0.084928321 0 
0.084928338 4 
0.084928389 18 
0.084928391 30 
0.085362145 6 
0.085362180 5 
0.085362218 46 
0.085362218 35 
0.085362282 6 
0.085362285 13 
0.085362298 8 
0.085362340 43 
0.085362341 23 
0.085362409 1 
0.085362438 0 
0.085362471 46 
0.085362507 18 
0.085362508 30 
0.085362525 41 
0.085362571 3 
0.085362598 12 
0.085362630 53 
0.085362664 0 
0.085362666 51 
0.085362707 30 
0.085362759 37 
0.085362766 36 
0.085362776 9 
0.085362792 33 
0.085362807 1 
0.085362863 44 
0.085362901 15 
0.085362906 13 
0.085362918 4 
0.085362920 18 
0.085363233 30 
0.085363246 46 
0.085363255 0 
0.086210180 5 
0.086210218 35 
0.086210282 6 
0.086210298 8 
0.086210340 43 
0.086210341 23 
0.086210604 12 
0.086210766 36 
0.086210776 9 
0.086210787 51 
0.086210863 44 
0.086210901 15 
0.086210918 4 
0.086210940 37 
0.086211086 7 
0.086211120 48 
0.086211131 22 
0.086211192 52 
0.086211214 45 
0.086211233 30 
0.086211246 46 
0.086211255 0 
0.086211270 42 
0.086211282 39 
0.086211327 14 
0.086665834 37 
0.086665966 51 
0.086666097 3 
0.086666165 5 
0.086666207 46 
0.086666214 29 
0.086666220 17 
0.086666222 2 
0.086666225 50 
0.086666358 11 
0.086666369 21 
0.086666413 6 
0.086666544 46 
0.086666711 0 
0.086666789 30 
0.086667069 26 
0.087513834 37 
0.087513950 8 
0.087513966 51 
0.087513994 5 
0.087514005 43 
0.087514063 23 
0.087514116 38 
0.087514134 16 
0.087514214 29 
0.087514316 41 
0.087514369 21 
0.087514382 11 
0.087514404 40 
0.087514413 6 
0.087514473 50 
0.087514476 1 
0.087514479 2 
0.087514515 18 
0.087514544 46 
0.087514568 33 
0.087514569 53 
0.087949466 53 
0.087949558 25 
0.087949561 18 
0.087949620 31 
0.087949658 1 
0.087949732 40 
0.087949764 33 
0.087949767 41 
0.087949847 34 
0.087949875 32 
0.087949884 14 
0.087949900 16 
0.087949958 38 
0.087950083 29 
0.087950136 24 
0.087950391 21 
0.088797466 53 
0.088797558 25 
0.088797561 18 
0.088797620 31 
0.088797658 1 
0.088797732 40 
0.088797767 41 
0.088797847 34 
0.089232434 22 
0.089232477 39 
0.089232520 37 
0.089232649 51 
0.089232655 48 
0.089232686 49 
0.089232701 7 
0.089232717 26 
0.089232869 19 
0.089233037 20 
0.089233049 44 
0.089233054 15 
0.089233067 10 
0.089233234 33 
0.089233293 51 
0.089233387 6 
0.089233418 37 
0.089233466 21 
0.089233589 22 
0.089233639 48 
0.089233741 39 
0.089233966 23 
0.090080834 9 
0.090080869 19 
0.090080869 36 
0.090081001 12 
0.090081037 20 
0.090081049 44 
0.090081054 15 
0.090081067 10 
0.090081077 17 
0.090081293 51 
0.090081387 6 
0.090081418 37 
0.090081466 21 
0.090516066 38 
0.090516102 13 
0.090516135 38 
0.090516146 29 
0.090516207 35 
0.090516227 21 
0.090516258 40 
0.090516264 8 
0.090516280 29 
0.090516289 6 
0.090516315 1 
0.090516328 11 
0.090516329 43 
0.090516368 11 
0.090516389 50 
0.090516401 2 
0.090516445 50 
0.090516448 2 
0.090516491 1 
0.090516491 46 
0.090516500 46 
0.090516550 6 
0.090516550 3 
0.090516563 21 
0.090516606 0 
0.090516657 33 
0.090516679 30 
0.090516684 0 
0.090516715 3 
0.090516762 30 
0.090516950 22 
0.090516958 39 
0.090517107 52 
0.090517156 45 
0.090517174 48 
0.091364102 13 
0.091364135 38 
0.091364207 35 
0.091364258 40 
0.091364264 8 
0.091364280 29 
0.091364329 43 
0.091364332 18 
0.091364368 11 
0.091364376 53 
0.091364445 50 
0.091364448 2 
0.091364491 1 
0.091364500 46 
0.091364550 6 
0.091364563 21 
0.091364657 33 
0.094554298 2 
0.094554306 11 
0.094554314 50 
0.094554398 29 
0.094554408 46 
0.094554453 0 
0.094554514 30 
0.094554523 3 
0.094554524 6 
0.094554528 1 
0.094554541 21 
0.094554672 5 
0.094554753 39 
0.094554821 23 
0.094554918 52 
0.094554964 45 
0.094555068 49 
0.094555084 26 
0.095402298 2 
0.095402306 11 
0.095402314 50 
0.095402398 29 
0.095402408 46 
0.095402453 0 
0.095402514 30 
0.095402523 3 
0.095402524 6 
0.095402528 1 
0.095838007 46 
0.095838022 6 
0.095838083 22 
0.095838106 11 
0.095838118 21 
0.095838127 2 
0.095838143 50 
0.095838352 1 
0.095838459 18 
0.096686007 46 
0.096686022 6 
0.101732594 40 
0.101732750 16 
0.101732751 3 
0.101732782 53 
0.101732841 29 
0.101732848 0 
0.101732856 11 
0.101732908 30 
0.101732915 40 
0.101732923 5 
0.101732944 11 
0.101732945 41 
0.101732946 29 
0.101732975 41 
0.101733063 23 
0.101733111 6 
0.101733117 33 
0.101733121 53 
0.101733130 21 
0.101733156 49 
0.101733163 39 
0.101733168 6 
0.101733173 22 
0.101733194 26 
0.101733230 25 
0.101733241 33 
0.101733249 21 
0.101733273 37 
0.101733279 15 
0.101733294 44 
0.101733294 28 
0.101733310 23 
0.101733317 31 
0.101733320 52 
0.101733406 10 
0.101733447 15 
0.101733473 20 
0.101733477 44 
0.101733577 22 
0.101733602 39 
0.101733617 19 
0.101733625 37 
0.101733698 51 
0.101733702 25 
0.101733740 52 
0.101733790 45 
0.101733791 14 
0.101733799 48 
0.102580538 0 
0.102580617 30 
0.102580624 3 
0.102580750 16 
0.102580841 29 
0.102580915 40 
0.102580923 5 
0.102580944 11 
0.102580975 41 
0.102581063 23 
0.102581111 6 
0.102581121 53 
0.102581130 21 
0.102581241 33 
0.102581406 10 
0.102581447 15 
0.103935013 30 
0.103935035 37 
0.103935098 51 
0.103935171 3 
0.103935217 17 
0.103935282 12 
0.103935286 44 
0.103935449 9 
0.103935451 36 
0.103935516 53 
0.103935569 4 
0.103935614 19 
0.103935803 41 
0.104783013 30 
0.104783035 37 
0.104783098 51 
0.104783171 3 
0.104783217 17 
0.104783282 12 
0.104783286 44 
0.105217611 46 
0.105217614 50 
0.105217630 2 
0.105217687 17 
0.105217730 51 
0.105217733 3 
0.105217751 46 
0.105217766 38 
0.105217782 29 
0.105217785 0 
0.105217797 6 
0.105217819 0 
0.105217840 0 
0.105217854 30 
0.105217860 30 
0.105217874 16 
0.105217896 30 
0.105217915 21 
0.105217928 3 
0.105217965 35 
0.105217973 13 
0.105218006 5 
0.105218012 6 
0.105218031 16 
0.105218043 8 
0.105218069 21 
0.105218071 33 
0.105218073 3 
0.105218101 43 
0.105218110 13 
0.105218142 53 
0.105218149 23 
0.105218152 38 
0.105218184 18 
0.105218217 25 
0.105218222 5 
0.105218251 35 
0.105218278 8 
0.105218303 31 
0.105218338 43 
0.105218357 25 
0.105218364 29 
0.105218371 23 
0.105218424 49 
0.105218437 3 
0.105218458 26 
0.105218559 28 
0.105218564 0 
0.105218618 49 
0.105218634 26 
0.105218636 6 
0.105218653 21 
0.106065614 50 
0.106065630 2 
0.106065687 17 
0.106065730 51 
0.106065751 46 
0.106065896 30 
0.106066031 16 
0.106066071 33 
0.106066110 13 
0.106066142 53 
0.106066152 38 
0.106066184 18 
0.106066251 35 
0.106066278 8 
0.106066338 43 
0.106066364 29 
0.106066364 5 
0.106066431 23 
0.106066437 3 
0.106066564 0 
0.106066636 6 
0.107439717 1 
0.107439779 40 
0.107439790 30 
0.107439857 3 
0.107439994 16 
0.107440017 38 
0.107440019 0 
0.107440021 15 
0.107440040 44 
0.107440059 41 
0.107440068 30 
0.107440126 29 
0.107440154 13 
0.107440167 10 
0.107440225 20 
0.107440250 35 
0.107440258 25 
0.107440271 33 
0.107440299 25 
0.107440307 49 
0.107440314 5 
0.107440314 8 
0.107440318 12 
0.107440319 17 
0.107440337 26 
0.107440338 31 
0.107440362 6 
0.107440371 9 
0.107440379 43 
0.107440411 36 
0.107440435 21 
0.107440443 23 
0.107440468 28 
0.107440478 15 
0.107440492 44 
0.107440745 19 
0.108287717 1 
0.108287779 40 
0.108287857 3 
0.108287994 16 
0.108288017 38 
0.108288019 0 
0.108288059 41 
0.108288068 30 
0.108288126 29 
0.108288154 13 
0.108288250 35 
0.108288271 33 
0.108288299 25 
0.108288314 5 
0.108288314 8 
0.108288362 6 
0.108288379 43 
0.108288388 31 
0.108288435 21 
0.108722627 7 
0.108722638 45 
0.108722687 42 
0.108722756 14 
0.108722761 22 
0.108722783 37 
0.108722797 32 
0.108722816 39 
0.108722867 24 
0.108722882 51 
0.108722970 27 
0.108722993 47 
0.108722999 34 
0.108723032 30 
0.108723078 31 
0.108723083 25 
0.108723106 0 
0.108723129 17 
0.108723196 12 
0.108723220 3 
0.108723225 44 
0.108723256 15 
0.108723281 46 
0.108723301 18 
0.108723332 2 
0.108723340 50 
0.108723374 3 
0.108723374 1 
0.108723418 1 
0.108723470 25 
0.108723533 31 
0.108723592 50 
0.108723607 0 
0.108723607 2 
0.108723720 46 
0.109570627 7 
0.109570638 45 
0.109570687 42 
0.109570756 14 
0.109570761 22 
0.109570783 37 
0.109570797 32 
0.109570816 39 
0.109570867 24 
0.109570882 51 
0.109570970 27 
0.109570993 47 
0.109570999 34 
0.109571032 30 
0.109571129 17 
0.109571196 12 
0.109571225 44 
0.109571256 15 
0.109571365 36 
0.109571366 9 
0.109571374 3 
0.110924806 51 
0.110924834 36 
0.110924882 44 
0.110924920 15 
0.110924958 12 
0.110925055 19 
0.110925087 19 
0.110925115 44 
0.110925135 15 
0.110925148 10 
0.110925172 20 
0.110925241 20 
0.110925247 10 
0.110925266 46 
0.110925269 51 
0.110925274 0 
0.110925379 2 
0.110925394 50 
0.110925397 11 
0.110925420 24 
0.110925501 3 
0.110925541 27 
0.110925546 46 
0.110925572 47 
0.110925575 40 
0.110925583 1 
0.110925601 34 
0.110925621 25 
0.110925626 0 
0.110925643 31 
0.110925667 2 
0.111772834 36 
0.111772958 12 
0.111773087 19 
0.111773115 44 
0.111773135 15 
0.111773241 20 
0.111773247 10 
0.111773269 51 
0.111773546 46 
0.111773553 6 
0.112207910 14 
0.112207981 42 
0.112208021 45 
0.112208045 52 
0.112208086 39 
0.112208140 24 
0.112208155 31 
0.112208167 47 
0.112208169 27 
0.112208181 22 
0.112208183 25 
0.112208320 37 
0.112208395 30 
0.112208452 51 
0.112208473 0 
0.112208493 3 
0.112208693 46 
0.112208706 17 
0.112208708 2 
0.112208711 50 
0.112208754 44 
0.112208771 12 
0.112208778 15 
0.112208936 9 
0.112208939 36 
0.112209193 26 
0.112209227 3 
0.112209408 0 
0.112209416 46 
0.113055910 14 
0.113055981 42 
0.113056021 45 
0.113056045 52 
0.113056086 39 
0.113056140 24 
0.113056155 31 
0.113056167 47 
0.113056169 27 
0.113056181 22 
0.113056183 25 
0.113056320 37 
0.113056395 30 
0.113056452 51 
0.113056873 53 
0.113056977 16 
0.113056993 18 
0.113057037 13 
0.113057082 1 
0.113057094 40 
0.113057095 38 
0.113057133 49 
0.113057180 35 
0.113057192 8 
0.113057193 26 
0.113057227 3 
0.113057246 43 
0.113057280 50 
0.113057296 2 
0.113057300 5 
0.113057304 29 
0.113512486 12 
0.113512520 46 
0.113512524 11 
0.113512550 17 
0.113512578 29 
0.113512622 2 
0.113512637 50 
0.113512667 51 
0.113512800 40 
0.113512853 1 
0.113512873 5 
0.113512966 18 
0.113513113 53 
0.114360486 12 
0.114360520 46 
0.114360524 11 
0.114360550 17 
0.114360622 2 
0.114360637 50 
0.114360667 51 
0.114795363 21 
0.114795376 11 
0.114795406 6 
0.114795466 50 
0.114795473 2 
0.114795537 46 
0.114795582 40 
0.114795636 1 
0.114795705 0 
0.114795749 18 
0.114795783 30 
0.114795896 53 
0.114796081 37 
0.114796138 51 
0.114796461 17 
0.114796572 46 
0.115643363 21 
0.115643376 11 
0.115643406 6 
0.115643466 50 
0.115643473 2 
0.115643831 45 
0.115643879 52 
0.115643893 48 
0.115643907 7 
0.115643970 39 
0.115644044 22 
0.115644137 37 
0.115644233 51 
0.116078925 32 
0.116078928 42 
0.116078959 14 
0.116078995 45 
0.116079044 52 
0.116079049 48 
0.116079059 7 
0.116079103 31 
0.116079148 39 
0.116079172 25 
0.116079385 51 
0.116079609 17 
0.116079665 26 
0.116079682 12 
0.116079705 49 
0.116926925 32 
0.116926928 42 
0.116926959 14 
0.116926995 45 
0.116927044 52 
0.116927049 48 
0.116927059 7 
0.116927103 31 
0.116927148 39 
0.116927172 25 
0.116927385 51 
0.119198756 32 
0.119198772 31 
0.119198850 25 
0.119198948 39 
0.119199250 30 
0.119199291 3 
0.119199324 0 
0.119199525 18 
0.119199526 1 
0.119199592 40 
0.119199896 41 
0.120046756 32 
0.120046772 31 
0.120046806 14 
0.120046850 25 
0.120046856 42 
0.120046865 24 
0.120046911 45 
0.120046940 52 
0.120046948 39 
0.120047006 48 
0.120047050 7 
0.120047070 22 
0.120047216 37 
0.120047250 30 
0.120047291 3 
0.120047324 0 
0.120047345 51 
0.120481882 9 
0.120482015 4 
0.120482071 17 
0.120482181 19 
0.120482203 44 
0.120482226 15 
0.120482319 51 
0.120482337 20 
0.120482345 10 
0.120482377 46 
0.120482392 22 
0.120482395 30 
0.120482409 0 
0.120482464 37 
0.120482470 39 
0.120482493 2 
0.120482498 11 
0.120482509 50 
0.120482511 52 
0.120482527 37 
0.120482552 45 
0.120482585 42 
0.120482603 48 
0.120482628 7 
0.120482634 29 
0.120482635 46 
0.120482648 22 
0.120482650 6 
0.120482666 7 
0.120482701 30 
0.120482705 0 
0.120482755 2 
0.120482790 25 
0.120482802 39 
0.120482817 31 
0.120482909 5 
0.120483086 43 
0.121329882 9 
0.121330015 4 
0.121330071 17 
0.121330181 19 
0.121330203 44 
0.121330226 15 
0.121330319 51 
0.121330337 20 
0.121330345 10 
0.121330635 46 
0.121330648 22 
0.121330650 6 
0.121330660 48 
0.121764983 7 
0.121765004 37 
0.121765005 22 
0.121765133 15 
0.121765160 30 
0.121765172 44 
0.121765237 0 
0.121765264 46 
0.121765295 0 
0.121765330 19 
0.121765351 4 
0.121765358 2 
0.121765362 30 
0.121765371 50 
0.121765403 3 
0.121765419 9 
0.121765434 46 
0.121765443 44 
0.121765444 3 
0.121765469 36 
0.121765469 15 
0.121765471 2 
0.121765477 50 
0.121765527 1 
0.121765536 40 
0.121765576 18 
0.121765619 9 
0.121765623 36 
0.121765734 4 
0.121765774 19 
0.121765948 41 
0.122612983 7 
0.122613004 37 
0.122613005 22 
0.122613295 0 
0.122613362 30 
0.122613434 46 
0.122613443 44 
0.122613444 3 
0.122613469 15 
0.122613471 2 
0.122613477 50 
0.122613533 1 
0.124904537 30 
0.124904568 37 
0.124904614 0 
0.124904724 51 
0.124904837 46 
0.124904849 2 
0.124904851 50 
0.124904927 40 
0.124904981 17 
0.124904985 11 
0.124905034 12 
0.124905163 29 
0.124905203 38 
0.124905458 5 
0.125752537 30 
0.125752568 37 
0.125752614 0 
0.125752724 51 
0.125752837 46 
0.125752849 2 
0.125752851 50 
0.125752875 1 
0.125752908 18 
0.125752927 40 
0.125752981 17 
0.125752985 11 
0.125752997 53 
0.125753034 12 
0.126288139 46 
0.126288173 2 
0.126288178 50 
0.126288215 1 
0.126288242 18 
0.126288267 40 
0.126288317 53 
0.127135321 42 
0.127135364 32 
0.127135381 45 
0.127135382 14 
0.127135406 34 
0.127135414 7 
0.127135415 48 
0.127135432 52 
0.127135567 39 
0.127135603 22 
0.127135607 31 
0.127135661 37 
0.127135662 25 
0.127135739 51 
0.127135860 30 
0.127570946 6 
0.127571016 21 
0.127571146 51 
0.127571182 37 
0.127571331 22 
0.127571394 5 
0.127571475 39 
0.127571517 23 
0.127571572 43 
0.127571777 25 
0.128418946 6 
0.128419016 21 
0.128419182 37 
0.129832605 53 
0.129832709 16 
0.129832725 18 
0.129832769 13 
0.129832814 1 
0.129832912 35 
0.129832924 8 
0.129832959 3 
0.129832978 43 
0.129833032 5 
0.129833078 23 
0.129833373 39 
0.129833429 22 
0.130680605 53 
0.130680709 16 
0.130680725 18 
0.130680769 13 
0.130680814 1 
0.130680865 49 
0.130680912 35 
0.130680924 8 
0.130680925 26 
0.130680959 3 
0.130680978 43 
0.130681032 5 
0.131116099 9 
0.131116185 44 
0.131116223 15 
0.131116241 4 
0.131116556 30 
0.131116569 46 
0.131116577 48 
0.131116577 0 
0.131116593 52 
0.131116637 45 
0.131116682 2 
0.131116697 50 
0.131116700 11 
0.131116704 42 
0.131116714 14 
0.131116846 29 
0.131116878 40 
0.131117018 38 
0.131117129 5 
0.131964099 9 
0.131964185 44 
0.131964223 15 
0.131964241 4 
0.131964453 22 
0.131964556 30 
0.131964569 46 
0.131964577 0 
0.131964604 39 
0.131964682 2 
0.135263579 15 
0.135263610 44 
0.135263617 6 
0.135263677 21 
0.135263803 12 
0.135263867 17 
0.135263984 51 
0.135264052 37 
0.135264058 5 
0.138613947 41 
0.138613956 16 
0.138613979 38 
0.138614011 2 
0.138614016 11 
0.138614075 46 
0.138614088 29 
0.138614099 33 
0.138614324 6 
0.138614397 21 
0.138614532 28 
0.138614587 22 
0.139461947 41 
0.139461956 16 
0.139461979 38 
0.139462011 2 
0.139462016 11 
0.139462075 46 
0.139462088 29 
0.139462099 33 
0.139462324 6 
0.139462397 21 
0.146772653 53 
1.807114459 2 I
1.813925338 29 
1.813925439 13 
1.813925485 23 
1.813925503 38 
1.813925507 35 
1.813925515 21 
1.813925556 10 
1.813925588 43 
1.813925625 20 
1.813925640 2 
1.813925641 50 
1.813925649 18 
1.813925676 46 
1.813925691 40 
1.813925728 11 
1.813925736 6 
1.813925769 1 
1.813925846 41 
1.813925869 16 
1.813925875 0 
1.813925954 30 
1.813925957 3 
1.813925966 44 
1.813925972 53 
1.813925993 9 
1.813926029 12 
1.813926114 33 
1.814773338 29 
1.814773439 13 
1.814773485 23 
1.814773503 38 
1.814773507 35 
1.814773515 21 
1.814773556 10 
1.814773588 43 
1.814773625 20 
1.814773640 2 
1.814773641 50 
1.814773649 18 
1.814773676 46 
1.814773691 40 
1.814773728 11 
1.814773736 6 
1.814773769 1 
1.814773846 41 
1.814773869 16 
1.814773875 0 
1.814773954 30 
1.814773957 3 
1.814773972 53 
1.817185810 38 
1.817185873 40 
1.817185875 23 
1.817185877 13 
1.817185891 1 
1.817185909 35 
1.817185954 18 
1.817186022 29 
1.817186022 8 
1.817186049 50 
1.817186063 2 
1.817186151 5 
1.817186178 46 
1.817186223 0 
1.817186284 30 
1.817186639 7 
1.817186647 37 
1.818033810 38 
1.818033873 40 
1.818033875 23 
1.818033877 13 
1.818033891 1 
1.818033909 35 
1.818033954 18 
1.818033996 43 
1.818034022 29 
1.818034022 8 
1.818034049 50 
1.818034063 2 
1.818034095 3 
1.818034151 5 
1.818034178 46 
1.818034223 0 
1.818034284 30 
1.818468133 35 
1.818468171 13 
1.818468204 5 
1.818468227 8 
1.818468237 38 
1.818468276 8 
1.818468364 18 
1.818468368 35 
1.818468375 40 
1.818468381 38 
1.818468417 50 
1.818468424 2 
1.818468428 5 
1.818468453 1 
1.818468455 21 
1.818468505 20 
1.818468523 6 
1.818468531 41 
1.818468539 16 
1.818468576 11 
1.818468582 41 
1.818468610 16 
1.818468611 5 
1.818468652 3 
1.818468655 0 
1.818468657 11 
1.818468663 53 
1.818468686 18 
1.818468724 46 
1.818468733 30 
1.818468736 50 
1.818468739 1 
1.818468743 2 
1.818468761 33 
1.818468769 8 
1.818468780 9 
1.818468787 44 
1.818468793 2 
1.818468804 50 
1.818468815 53 
1.818468845 33 
1.818468857 12 
1.818468861 18 
1.818468874 38 
1.818468938 40 
1.818468940 15 
1.818468954 35 
1.818468955 0 
1.818468972 3 
1.818468976 0 
1.818469002 1 
1.818469054 30 
1.818469181 36 
1.818469218 41 
1.818469246 16 
1.818469251 53 
1.818469344 7 
1.818469346 37 
1.818469398 51 
1.818469478 33 
1.819316171 13 
1.819316455 21 
1.819316505 20 
1.819316523 6 
1.819316611 5 
1.819316657 11 
1.819316724 46 
1.819316769 8 
1.819316780 9 
1.819316787 44 
1.819316793 2 
1.819316804 50 
1.819316857 12 
1.819316861 18 
1.819316874 38 
1.819316938 40 
1.819316954 35 
1.819316964 15 
1.819316969 4 
1.819316993 17 
1.819317002 1 
1.819317059 19 
1.819317122 3 
1.819751091 5 
1.819751191 21 
1.819751363 2 
1.819751692 3 
1.819751875 17 
1.819751963 36 
1.819751985 19 
1.819752126 28 
1.820598910 10 
1.820598937 6 
1.820599091 5 
1.820599113 18 
1.820599114 40 
1.820599160 50 
1.820599191 1 
1.820599191 21 
1.820599201 9 
1.820599349 4 
1.820599352 53 
1.820599363 2 
1.820599490 33 
1.821791810 13 
1.821791958 29 
1.821791989 8 
1.821792090 5 
1.821792090 22 
1.821792092 41 
1.821792118 16 
1.821792178 52 
1.821792189 21 
1.821792194 30 
1.821792216 32 
1.821792218 45 
1.821792238 53 
1.821792254 42 
1.821792268 0 
1.821792276 10 
1.821792277 48 
1.821792289 3 
1.821792289 7 
1.821792294 30 
1.821792305 37 
1.821792310 7 
1.821792315 11 
1.821792326 37 
1.821792336 3 
1.821792338 31 
1.821792358 33 
1.821792372 0 
1.821792390 34 
1.821792395 25 
1.821792399 20 
1.821792413 3 
1.821792417 27 
1.821792433 26 
1.821792453 6 
1.821792463 51 
1.821792482 51 
1.821792482 15 
1.821792492 28 
1.821792494 25 
1.821792523 15 
1.821792523 47 
1.821792527 26 
1.821792541 24 
1.821792554 11 
1.821792594 44 
1.821792620 12 
1.821792629 53 
1.821792637 11 
1.821792642 12 
1.821792643 49 
1.821792668 9 
1.821792669 15 
1.821792684 49 
1.821792710 44 
1.821792754 53 
1.821792866 10 
1.821792884 6 
1.821792923 28 
1.821793020 20 
1.821793020 33 
1.822639810 13 
1.822639958 29 
1.822639989 8 
1.822640090 5 
1.822640090 22 
1.822640092 41 
1.822640118 16 
1.822640178 52 
1.822640189 21 
1.822640216 32 
1.822640218 45 
1.822640254 42 
1.822640277 48 
1.822640294 30 
1.822640310 7 
1.822640326 37 
1.822640338 31 
1.822640372 0 
1.822640390 34 
1.822640413 3 
1.822640417 27 
1.822640482 51 
1.822640494 25 
1.822640523 47 
1.822640527 26 
1.822640541 24 
1.822640637 11 
1.822640669 12 
1.822640710 44 
1.822640753 49 
1.822640754 53 
1.824013464 53 
1.824013485 38 
1.824013553 13 
1.824013562 23 
1.824013625 35 
1.824013632 28 
1.824013693 8 
1.824013698 29 
1.824013760 43 
1.824013825 5 
1.824013863 49 
1.824013920 21 
1.824013994 11 
1.824014009 25 
1.824014015 10 
1.824014058 26 
1.824014125 14 
1.824014141 20 
1.824014188 6 
1.824014196 39 
1.824014234 22 
1.824014272 31 
1.824014282 44 
1.824014310 15 
1.824014315 7 
1.824014318 12 
1.824014324 37 
1.824014362 52 
1.824861464 53 
1.824861485 38 
1.824861553 13 
1.824861562 23 
1.824861625 35 
1.824861632 28 
1.824861693 8 
1.824861698 29 
1.824861760 43 
1.824861825 5 
1.824861863 49 
1.824861920 21 
1.825316208 25 
1.825316268 26 
1.825316312 53 
1.825316454 28 
1.825316466 31 
1.825316516 33 
1.825316592 22 
1.825316613 41 
1.825316617 16 
1.825316693 34 
1.825316722 32 
1.825316800 52 
1.825316805 38 
1.825316822 45 
1.825316826 42 
1.825316849 13 
1.825316906 48 
1.825316921 7 
1.825316929 29 
1.825316937 37 
1.825316958 23 
1.825317045 21 
1.825317050 8 
1.825317063 15 
1.825317091 51 
1.825317110 5 
1.825317159 10 
1.825317162 12 
1.825317169 44 
1.826164208 25 
1.826164268 26 
1.826164312 53 
1.826164454 28 
1.826164466 31 
1.826164516 33 
1.826164592 22 
1.826164613 41 
1.826164617 16 
1.826164693 34 
1.827517882 2 
1.827517961 18 
1.827518003 46 
1.827518052 40 
1.827518087 1 
1.827518152 11 
1.827518183 29 
1.827518216 21 
1.827518217 13 
1.827518237 38 
1.827518330 10 
1.827518350 53 
1.827518350 5 
1.827518441 6 
1.827518454 41 
1.827518485 16 
1.827518495 20 
1.827518665 33 
1.827518667 45 
1.827518670 48 
1.828365882 2 
1.828365961 18 
1.828366003 46 
1.828366052 40 
1.828366087 1 
1.828366152 11 
1.828366183 29 
1.828366185 30 
1.828366192 3 
1.828366216 21 
1.828366217 13 
1.828366237 38 
1.828366330 10 
1.828366350 53 
1.828366350 5 
1.828366434 44 
1.828366435 14 
1.828366441 6 
1.828366451 15 
1.828366454 41 
1.828366461 12 
1.828366485 16 
1.828366490 7 
1.828366491 39 
1.828366495 20 
1.828366496 37 
1.828366560 9 
1.828366573 22 
1.828366581 51 
1.828366631 25 
1.828366665 33 
1.828366692 26 
1.828366698 28 
1.828800703 29 
1.828800739 5 
1.828800895 18 
1.828800926 40 
1.828800941 9 
1.828800949 50 
1.828800956 2 
1.828800991 1 
1.828801013 12 
1.828801021 44 
1.828801024 46 
1.828801130 15 
1.828801183 3 
1.828801187 0 
1.828801203 51 
1.828801240 53 
1.828801264 30 
1.828801335 37 
1.828801350 7 
1.828801451 46 
1.828801466 33 
1.828801537 0 
1.828801572 2 
1.828801588 50 
1.828801751 48 
1.828801773 3 
1.828801773 40 
1.828801800 1 
1.829648703 29 
1.829648739 5 
1.829648895 18 
1.829648941 9 
1.829649013 12 
1.829649021 44 
1.829649130 15 
1.829649203 51 
1.829649335 37 
1.829649350 7 
1.829649451 46 
1.829649537 0 
1.829649540 30 
1.831022124 21 
1.831022199 18 
1.831022204 50 
1.831022204 2 
1.831022206 10 
1.831022241 40 
1.831022319 1 
1.831022334 20 
1.831022386 6 
1.831022449 41 
1.831022478 16 
1.831022498 43 
1.831022511 3 
1.831022530 53 
1.831022555 44 
1.831022608 9 
1.831022609 12 
1.831022664 15 
1.831022771 14 
1.831022772 7 
1.831022775 37 
1.831022814 17 
1.831022816 4 
1.831022822 51 
1.831022825 39 
1.831022903 36 
1.831022910 22 
1.831022936 52 
1.831022978 48 
1.831022988 45 
1.831023048 42 
1.831023051 32 
1.831870124 21 
1.831870199 18 
1.831870204 50 
1.831870204 2 
1.831870206 10 
1.831870241 40 
1.831870319 1 
1.831870334 20 
1.831870386 6 
1.831870449 41 
1.831870478 16 
1.831870498 43 
1.831870511 3 
1.831870530 53 
1.831870555 44 
1.831870608 9 
1.831870609 12 
1.831870664 15 
1.831870712 33 
1.832304464 18 
1.832304465 18 
1.832304505 5 
1.832304540 50 
1.832304555 2 
1.832304580 29 
1.832304603 21 
1.832304640 3 
1.832304653 0 
1.832304689 10 
1.832304713 30 
1.832304714 5 
1.832304749 41 
1.832304750 3 
1.832304751 29 
1.832304778 16 
1.832304812 20 
1.832304866 21 
1.832304869 6 
1.832304898 14 
1.832304921 33 
1.832304932 5 
1.832304933 28 
1.832304967 39 
1.832304981 10 
1.832305023 22 
1.832305067 7 
1.832305069 14 
1.832305074 25 
1.832305077 37 
1.832305080 9 
1.832305084 15 
1.832305098 49 
1.832305110 6 
1.832305118 12 
1.832305125 52 
1.832305129 31 
1.832305133 26 
1.832305133 39 
1.832305142 20 
1.832305169 33 
1.832305200 28 
1.832305203 22 
1.832305228 51 
1.832305271 52 
1.832305281 17 
1.832305292 4 
1.832305321 45 
1.832305330 48 
1.832305356 32 
1.832305368 36 
1.832305375 42 
1.833152339 23 
1.833152354 2 
1.833152371 50 
1.833152404 8 
1.833152405 35 
1.833152465 18 
1.833152468 0 
1.833152506 41 
1.833152534 16 
1.833152538 30 
1.833152541 43 
1.833152580 29 
1.833152603 21 
1.833152689 10 
1.833152694 12 
1.833152699 15 
1.833152714 5 
1.833152750 3 
1.833152774 7 
1.833152778 37 
1.833152812 20 
1.833152869 6 
1.833627561 53 
1.833627771 1 
1.833627783 40 
1.833627784 38 
1.833627821 49 
1.833627852 13 
1.833627992 29 
1.833627997 8 
1.833628032 25 
1.833628071 26 
1.833628128 5 
1.833628305 10 
1.834475561 53 
1.834475771 1 
1.834475783 40 
1.834475784 38 
1.834475821 49 
1.834475840 23 
1.834475852 13 
1.834475868 35 
1.834475934 43 
1.834475992 29 
1.834475997 8 
1.834910703 51 
1.834910958 44 
1.834910968 30 
1.834910987 0 
1.834911002 48 
1.834911014 11 
1.834911035 52 
1.834911057 46 
1.834911072 39 
1.834911074 45 
1.834911085 14 
1.834911110 4 
1.834911120 50 
1.834911123 3 
1.834911123 17 
1.834911125 9 
1.834911133 2 
1.834911140 42 
1.834911143 50 
1.834911145 36 
1.834911176 22 
1.834911195 27 
1.834911211 18 
1.834911215 3 
1.834911218 32 
1.834911223 18 
1.834911224 17 
1.834911231 36 
1.834911261 21 
1.834911263 6 
1.834911271 1 
1.834911291 40 
1.834911296 40 
1.834911299 1 
1.834911318 10 
1.834911320 9 
1.834911353 25 
1.834911390 26 
1.834911400 29 
1.834911418 13 
1.834911425 31 
1.834911430 34 
1.834911440 20 
1.834911441 24 
1.834911459 47 
1.834911462 38 
1.834911473 44 
1.834911518 6 
1.834911707 10 
1.834911727 11 
1.834911777 21 
1.834911878 46 
1.834911997 2 
1.834912012 50 
1.834912100 18 
1.834912194 40 
1.834912231 1 
1.835758703 51 
1.835758968 30 
1.835758987 0 
1.835759002 48 
1.835759035 52 
1.835759072 39 
1.835759074 45 
1.835759085 14 
1.835759110 4 
1.835759140 42 
1.835759176 22 
1.835759195 27 
1.835759215 3 
1.835759218 32 
1.835759224 17 
1.835759231 36 
1.835759320 9 
1.835759473 44 
1.835759518 6 
1.835759657 20 
1.835759707 10 
1.835759727 11 
1.835759777 21 
1.838990153 15 
1.838990188 15 
1.838990209 6 
1.838990327 21 
1.838990364 11 
1.838990366 48 
1.838990406 0 
1.838990418 11 
1.838990420 30 
1.838990428 52 
1.838990445 46 
1.838990455 45 
1.838990458 46 
1.838990498 17 
1.838990504 4 
1.838990507 36 
1.838990515 2 
1.838990515 42 
1.838990517 39 
1.838990519 30 
1.838990525 50 
1.838990531 2 
1.838990538 27 
1.838990541 50 
1.838990542 17 
1.838990545 11 
1.838990545 29 
1.838990552 14 
1.838990560 17 
1.838990560 0 
1.838990565 36 
1.838990574 19 
1.838990576 18 
1.838990594 52 
1.838990602 14 
1.838990604 39 
1.838990610 22 
1.838990612 32 
1.838990619 18 
1.838990627 46 
1.838990627 4 
1.838990635 45 
1.838990641 3 
1.838990649 36 
1.838990652 40 
1.838990664 4 
1.838990665 21 
1.838990665 1 
1.838990673 0 
1.838990674 13 
1.838990687 40 
1.838990702 42 
1.838990712 22 
1.838990715 8 
1.838990719 1 
1.838990722 2 
1.838990730 38 
1.838990734 30 
1.838990734 50 
1.838990738 19 
1.838990761 27 
1.838990766 3 
1.838990773 32 
1.838990781 21 
1.838990783 19 
1.838990792 24 
1.838990801 29 
1.838990816 47 
1.838990821 18 
1.838990822 34 
1.838990840 23 
1.838990844 3 
1.838990857 31 
1.838990880 13 
1.838990888 35 
1.838990890 1 
1.838990899 40 
1.838990983 34 
1.838990985 14 
1.838990999 43 
1.838991007 24 
1.838991016 39 
1.838991017 25 
1.838991024 47 
1.838991066 52 
1.838991114 45 
1.838991181 42 
1.839838188 15 
1.839838209 6 
1.839838366 48 
1.839838545 11 
1.839838560 17 
1.839838627 46 
1.839838649 36 
1.839838664 4 
1.839838673 0 
1.839838722 2 
1.839838734 50 
1.839838781 21 
1.839838821 18 
1.846958028 11 
1.846958053 53 
1.846958063 38 
1.846958124 23 
1.846958133 13 
1.846958150 46 
1.846958162 35 
1.846958166 21 
1.846958170 10 
1.846958207 28 
1.846958246 0 
1.846958249 43 
1.846958260 30 
1.846958275 29 
1.846958278 8 
1.846958310 20 
1.846958323 7 
1.846958334 37 
1.846958385 29 
1.846958407 5 
1.846958417 5 
1.846958431 46 
1.846958442 14 
1.846958444 39 
1.846958464 49 
1.846958475 0 
1.846958476 48 
1.846958495 21 
1.846958537 30 
1.846958554 22 
1.846958554 8 
1.846958598 25 
1.846958651 26 
1.846958702 14 
1.846958716 20 
1.846958776 39 
1.846958888 7 
1.846958900 37 
1.846958941 52 
1.846958987 45 
1.846959025 49 
1.846959028 42 
1.847806028 11 
1.847806053 53 
1.847806063 38 
1.847806124 23 
1.847806133 13 
1.847806162 35 
1.847806170 10 
1.847806207 28 
1.847806249 43 
1.847806385 29 
1.847806417 5 
1.847806431 46 
1.847806475 0 
1.847806495 21 
1.847806537 30 
1.849159799 3 
1.849159902 7 
1.849159914 37 
1.849159942 15 
1.849160030 51 
1.849160053 12 
1.849160096 44 
1.849160122 25 
1.849160141 53 
1.849160177 26 
1.849160248 21 
1.849160268 49 
1.849160275 9 
1.849160308 29 
1.849160312 17 
1.849160338 13 
1.849160339 10 
1.849160345 6 
1.849160347 38 
1.849160410 47 
1.849160421 24 
1.849160433 41 
1.849160458 5 
1.849160459 16 
1.849160490 20 
1.849160504 8 
1.849160524 23 
1.850007799 3 
1.850007902 7 
1.850007914 37 
1.850007942 15 
1.850008030 51 
1.850008053 12 
1.850008096 44 
1.850008122 25 
1.850008141 53 
1.850008177 26 
1.850008268 49 
1.850442677 3 
1.850442679 14 
1.850442705 22 
1.850442720 39 
1.850442777 53 
1.850442847 32 
1.850442868 52 
1.850442881 45 
1.850442895 28 
1.850442974 48 
1.850443039 7 
1.850443054 37 
1.850443080 33 
1.850443114 41 
1.850443126 16 
1.850443154 47 
1.850443166 24 
1.850443211 51 
1.850443217 15 
1.851290677 3 
1.851290679 14 
1.851290705 22 
1.851290720 39 
1.851290777 53 
1.851290868 52 
1.851290873 42 
1.851290881 45 
1.851290895 28 
1.851290974 48 
1.851725054 37 
1.851725269 15 
1.851725282 48 
1.851725306 52 
1.851725345 45 
1.851725395 30 
1.851725411 42 
1.851725431 12 
1.851725451 0 
1.851725482 27 
1.851725489 32 
1.851725489 44 
1.851725534 11 
1.851725575 46 
1.851725633 3 
1.851725648 2 
1.851725659 50 
1.851725701 34 
1.851725718 44 
1.851725721 24 
1.851725734 47 
1.851725736 18 
1.851725756 17 
1.851725767 12 
1.851725784 1 
1.851725801 6 
1.851725805 40 
1.851725848 36 
1.851725865 25 
1.851725900 26 
1.851725929 15 
1.851725942 11 
1.851725979 10 
1.851725981 4 
1.851725985 53 
1.851726020 21 
1.851726091 17 
1.851726095 46 
1.851726096 49 
1.851726100 36 
1.851726214 2 
1.851726230 0 
1.851726230 50 
1.851726316 18 
1.851726412 40 
1.851726448 1 
1.851726460 3 
1.851726496 15 
1.851726532 20 
1.851726582 10 
1.851726649 21 
1.851726750 46 
1.851726834 5 
1.851726851 25 
1.851726868 2 
1.851726872 0 
1.851726884 50 
1.851726884 29 
1.851726970 18 
1.852573054 37 
1.852573282 48 
1.852573306 52 
1.852573345 45 
1.852573395 30 
1.852573411 42 
1.852573482 27 
1.852573489 32 
1.852573701 34 
1.852573718 44 
1.852573721 24 
1.852573734 47 
1.852573767 12 
1.852573801 6 
1.852573942 11 
1.852573981 4 
1.852574091 17 
1.852574100 36 
1.852574496 15 
1.852574532 20 
1.852574582 10 
1.852574649 21 
1.853948113 32 
1.853948123 34 
1.853948175 14 
1.853948234 42 
1.853948260 45 
1.853948263 52 
1.853948274 25 
1.853948280 47 
1.853948292 26 
1.853948326 24 
1.853948360 48 
1.853948368 27 
1.853948389 3 
1.853948416 30 
1.853948480 0 
1.853948492 7 
1.853948505 37 
1.853948545 49 
1.853948621 1 
1.853948628 53 
1.853948656 51 
1.853948685 50 
1.853948688 2 
1.853948693 40 
1.853948698 18 
1.853948706 15 
1.853948714 46 
1.853948788 11 
1.853948853 12 
1.854796113 32 
1.854796123 34 
1.854796175 14 
1.854796234 42 
1.854796260 45 
1.854796263 52 
1.854796274 25 
1.854796280 47 
1.854796292 26 
1.854796326 24 
1.854796360 48 
1.854796368 27 
1.854796389 3 
1.854796416 30 
1.854796480 0 
1.854796492 7 
1.854796505 37 
1.854796545 49 
1.854796621 1 
1.854796628 53 
1.855231227 53 
1.855231308 41 
1.855231320 49 
1.855231358 17 
1.855231447 9 
1.855231487 1 
1.855231527 40 
1.855231561 25 
1.855231590 44 
1.855231594 26 
1.855231608 12 
1.855231620 38 
1.855231668 6 
1.855231685 13 
1.855231747 15 
1.855231809 29 
1.855231834 51 
1.855231846 11 
1.855231858 8 
1.855231862 10 
1.855231878 31 
1.855231917 21 
1.855231969 5 
1.855231995 21 
1.855232107 34 
1.855232295 13 
1.855232318 40 
1.855232341 27 
1.855232361 38 
1.856079227 53 
1.856079292 16 
1.856079308 41 
1.856079320 49 
1.856079358 17 
1.856079409 36 
1.856079447 9 
1.856079487 1 
1.856079561 25 
1.856079590 44 
1.856079594 26 
1.856079608 12 
1.856079668 6 
1.856079747 15 
1.856079834 51 
1.856079836 20 
1.856079846 11 
1.856079862 10 
1.856514442 5 
1.856514479 29 
1.856514481 13 
1.856514526 38 
1.856514666 30 
1.856514731 15 
1.856514743 0 
1.856514761 18 
1.856514765 20 
1.856514780 40 
1.856514787 50 
1.856514789 2 
1.856514830 3 
1.856514843 41 
1.856514859 1 
1.856514870 16 
1.856514893 12 
1.856514949 44 
1.856514977 2 
1.856514982 50 
1.856515021 53 
1.856515024 0 
1.856515039 1 
1.856515040 18 
1.856515074 3 
1.856515083 40 
1.856515101 25 
1.856515112 44 
1.856515117 17 
1.856515129 36 
1.856515160 26 
1.856515168 12 
1.856515178 53 
1.856515240 4 
1.856515358 19 
1.856515569 33 
1.857362442 5 
1.857362479 29 
1.857362481 13 
1.857362526 38 
1.857362666 30 
1.857362731 15 
1.857362765 20 
1.857362843 41 
1.857362870 16 
1.857362977 2 
1.857362982 50 
1.857363024 0 
1.857363039 1 
1.857363040 18 
1.857363074 3 
1.858645914 53 
1.858646012 3 
1.858646068 31 
1.858646106 1 
1.858646117 33 
1.858646174 14 
1.858646180 40 
1.858646191 22 
1.858646215 41 
1.858646217 16 
1.858646234 39 
1.858646295 34 
1.871276865 12 
1.871276865 7 
1.871276866 37 
1.871276866 44 
1.871276899 39 
1.871276945 22 
1.871276971 42 
1.871276972 14 
1.871277007 45 
1.871277041 6 
1.871277055 52 
1.871277068 24 
1.871277070 32 
1.871277101 47 
1.871277115 30 
1.871277123 34 
1.871277142 11 
1.871277188 0 
1.871277199 34 
1.871277211 22 
1.871277219 39 
1.871277228 10 
1.871277248 37 
1.871277250 7 
1.871277260 21 
1.871277296 46 
1.871277298 14 
1.871277303 3 
1.871277345 11 
1.871277357 31 
1.871277364 46 
1.871277384 0 
1.871277387 30 
1.871277415 2 
1.871277416 2 
1.871277422 50 
1.871277432 50 
1.871277486 30 
1.871277487 18 
1.871277563 0 
1.871277590 21 
1.871277619 3 
1.871277651 25 
1.871277653 26 
1.871277663 10 
1.871277734 11 
1.871277749 46 
1.871277792 20 
1.872124865 12 
1.872124866 44 
1.872124971 42 
1.872125007 45 
1.872125041 6 
1.872125055 52 
1.872125068 24 
1.872125070 32 
1.872125101 47 
1.872125199 34 
1.872125211 22 
1.872125219 39 
1.872125248 37 
1.872125250 7 
1.872125298 14 
1.872125357 31 
1.872125486 30 
1.872125563 0 
1.872560328 31 
1.872560517 3 
1.872560518 14 
1.872560553 34 
1.872560669 30 
1.872560705 0 
1.872560916 46 
1.872561031 11 
1.872561056 15 
1.872561178 12 
1.872561206 44 
1.873408328 31 
1.873408517 3 
1.873408518 14 
1.873408553 34 
1.873408617 53 
1.873408669 30 
1.873408705 1 
1.873408705 0 
1.873408784 40 
1.873408825 18 
1.873408842 50 
1.873408851 2 
1.873844155 11 
1.874691876 44 
1.874692068 6 
1.874692136 37 
1.874692148 7 
1.874692155 11 
1.874692256 10 
1.874692262 20 
1.874692332 48 
1.889880403 42 
1.889880443 45 
1.889880468 52 
1.889880543 48 
1.889880590 47 
1.889880608 24 
1.889880615 34 
1.889880633 39 
1.889880714 14 
1.889880737 7 
1.889880743 37 
1.889880874 51 
1.889880899 30 
1.889880957 15 
1.889880975 0 
1.889881060 3 
1.889881068 26 
1.889881069 25 
1.889881122 12 
1.889881161 46 
1.890728403 42 
1.890728443 45 
1.890728468 52 
1.890728543 48 
1.890728590 47 
1.890728608 24 
1.890728615 34 
1.890728633 39 
1.890728714 14 
1.890728737 7 
1.890728743 37 
1.890728874 51 
1.890728899 30 
1.890728957 15 
1.890728975 0 
2.750403355 5 
2.750755242 0 
2.815898624 53 
2.815898624 53 
2.815898624 53 
3.621250625 28 
3.621250696 16 
3.621250733 41 
3.621250857 53 
3.621251067 1 
3.621251079 40 
3.621251212 3 
3.621251264 50 
3.621251280 2 
3.621251384 14 
3.621251392 0 
3.621251400 46 
3.621251431 18 
3.621251440 30 
3.621251534 21 
3.621251626 12 
3.622098625 28 
3.622098696 16 
3.622098733 41 
3.622098857 53 
3.622099067 1 
3.622099079 40 
3.622099113 25 
3.622099117 49 
3.622099212 3 
3.622099264 50 
3.622099280 2 
3.622533604 2 
3.622533619 50 
3.622533749 0 
3.622533786 7 
3.622533793 40 
3.622533817 30 
3.622533838 1 
3.622533880 38 
3.622533987 15 
3.622533999 23 
3.622534024 37 
3.622534069 51 
3.622534119 39 
3.622534165 41 
3.622534175 16 
3.622534207 52 
3.622534223 27 
3.622534238 48 
3.622534258 45 
3.622534258 4 
3.622534291 17 
3.622534291 28 
3.622534320 36 
3.622534321 42 
3.622534340 32 
3.622534397 33 
3.622534410 31 
3.622534436 19 
3.622534522 34 
3.623381604 2 
3.623381619 50 
3.623381749 0 
3.623381786 7 
3.623381793 40 
3.623381817 30 
3.623381838 1 
3.623381880 38 
3.623381987 15 
3.623381999 23 
3.623382024 37 
3.623382069 51 
3.623382069 35 
3.623382119 39 
3.623382165 41 
3.623382175 16 
3.623382195 43 
3.623382207 52 
3.623382223 27 
3.623382238 48 
3.623382258 45 
3.623816393 17 
3.623816411 36 
3.623816459 19 
3.623816542 44 
3.623816557 9 
3.623816617 6 
3.623816781 51 
3.623816881 5 
3.623816990 8 
3.623816995 13 
3.623817000 10 
3.623817035 27 
3.623817045 20 
3.623817126 48 
3.623817141 29 
3.623817178 52 
3.623817211 45 
3.623817273 42 
3.623817283 40 
3.623817315 1 
3.623817344 38 
3.623817363 32 
3.623817520 22 
3.624664393 17 
3.624664411 36 
3.624664459 19 
3.624664542 44 
3.624664557 9 
3.624664617 6 
3.624664781 51 
3.624664881 5 
3.624664990 8 
3.624664995 13 
3.624665000 10 
3.624665035 27 
3.624665045 20 
3.625099478 18 
3.625099531 12 
3.625099557 46 
3.625099577 13 
3.625099577 21 
3.625099585 2 
3.625099591 50 
3.625099672 40 
3.625099697 44 
3.625099721 6 
3.625099759 38 
3.625099802 9 
3.625099848 23 
3.625099896 16 
3.625099898 4 
3.625099901 41 
3.625099947 17 
3.625099965 53 
3.625100076 28 
3.625100086 19 
3.625100183 26 
3.625100414 22 
3.625100449 31 
3.625100487 1 
3.625100561 40 
3.625100596 41 
3.625100676 34 
3.625100681 50 
3.625100693 2 
3.625100704 32 
3.625100771 23 
3.625100787 38 
3.625947478 18 
3.625947531 12 
3.625947557 46 
3.625947577 13 
3.625947577 21 
3.625947697 44 
3.625947721 6 
3.625947802 9 
3.625947898 4 
3.625948183 26 
3.625948295 53 
3.625948365 28 
3.625948414 22 
3.625948449 31 
3.625948487 1 
3.625948498 33 
3.625948536 16 
3.625948561 40 
3.625948596 41 
3.625948676 34 
3.626382876 53 
3.626382914 23 
3.626382922 38 
3.626383097 35 
3.626383128 29 
3.626383233 43 
3.626383269 10 
3.626383276 49 
3.626383284 25 
3.626383309 8 
3.626383386 5 
3.626383387 20 
3.626383393 26 
3.626383475 12 
3.626383552 11 
3.626383561 22 
3.626383566 7 
3.626383567 39 
3.626383617 6 
3.626383686 44 
3.626383705 9 
3.626383706 37 
3.626383722 15 
3.627230876 53 
3.627230914 23 
3.627230922 38 
3.627231097 35 
3.627231128 29 
3.627231233 43 
3.627231269 10 
3.627231276 49 
3.627231284 25 
3.627231309 8 
3.627665851 42 
3.627665881 48 
3.627665940 32 
3.627665945 7 
3.627665975 11 
3.627665990 27 
3.627665995 39 
3.627665995 27 
3.627666011 37 
3.627666072 44 
3.627666093 37 
3.627666127 30 
3.627666143 21 
3.627666147 34 
3.627666158 39 
3.627666167 0 
3.627666167 30 
3.627666174 24 
3.627666177 47 
3.627666178 12 
3.627666190 14 
3.627666194 14 
3.627666202 22 
3.627666221 31 
3.627666245 0 
3.627666263 30 
3.627666265 4 
3.627666287 6 
3.627666288 14 
3.627666327 9 
3.627666331 3 
3.627666340 0 
3.627666365 17 
3.627666375 3 
3.627666406 21 
3.627666411 26 
3.627666420 3 
3.627666455 22 
3.627666492 12 
3.627666500 21 
3.627666501 24 
3.627666563 24 
3.627666584 12 
3.627666598 26 
3.627666630 36 
3.627666643 6 
3.627666655 4 
3.627666679 53 
3.627666698 9 
3.627666755 17 
3.627666856 19 
3.627666907 16 
3.627666913 28 
3.628513851 42 
3.628513881 48 
3.628513940 32 
3.628513945 7 
3.628513975 11 
3.628513995 27 
3.628514072 44 
3.628514093 37 
3.628514147 34 
3.628514158 39 
3.628514177 47 
3.628514221 31 
3.628514263 30 
3.628514288 14 
3.628514340 0 
3.628514420 3 
3.628514455 22 
3.628514500 21 
3.628514584 12 
3.628968744 34 
3.628968781 26 
3.628968803 32 
3.628968861 39 
3.628968923 42 
3.628968949 45 
3.628968952 52 
3.628968968 47 
3.628969015 24 
3.628969049 48 
3.628969078 3 
3.628969078 14 
3.628969105 30 
3.628969110 49 
3.628969124 25 
3.628969157 27 
3.628969169 0 
3.628969194 37 
3.628969293 15 
3.628969310 1 
3.628969317 53 
3.628969345 51 
3.628969374 50 
3.628969377 2 
3.628969379 7 
3.628969382 40 
3.628969401 11 
3.628969403 46 
3.629816744 34 
3.629816781 26 
3.629816803 32 
3.629816861 39 
3.629816923 42 
3.629816949 45 
3.629816952 52 
3.629816968 47 
3.629817015 24 
3.629817049 48 
3.629817078 3 
3.629817078 14 
3.629817105 30 
3.629817110 49 
3.629817124 25 
3.629817157 27 
3.629817169 0 
3.629817194 37 
3.629817293 15 
3.629817310 1 
3.629817317 53 
3.630252009 23 
3.630252079 38 
3.630252104 3 
3.630252219 35 
3.630252224 49 
3.630252234 25 
3.630252254 26 
3.630252309 43 
3.630252449 22 
3.630252513 39 
3.630252689 52 
3.630252729 45 
3.630252782 48 
3.630252840 27 
3.631100009 23 
3.631100079 38 
3.631100104 3 
3.631100219 35 
3.631100254 26 
3.631100309 43 
3.633371188 44 
3.633371200 12 
3.633371256 15 
3.633371297 46 
3.633371310 18 
3.633371313 37 
3.633371335 0 
3.633371338 51 
3.633371339 6 
3.633371344 30 
3.633371403 9 
3.633371404 14 
3.633371409 2 
3.633371424 50 
3.633371434 13 
3.633371448 5 
3.633371465 4 
3.633371510 27 
3.633371511 10 
3.633371517 17 
3.633371529 36 
3.633371536 8 
3.633371542 39 
3.633371555 48 
3.633371559 52 
3.633371571 3 
3.633371605 40 
3.633371605 45 
3.633371605 29 
3.633371617 1 
3.633371653 19 
3.633371671 20 
3.633371673 42 
3.633371728 32 
3.633371757 38 
3.633371868 53 
3.633371875 23 
3.633371950 35 
3.634219188 44 
3.634219200 12 
3.634219256 15 
3.634219297 46 
3.634219310 18 
3.634219313 37 
3.634219335 0 
3.634219338 51 
3.634219339 6 
3.634219344 30 
3.634219403 9 
3.634219404 14 
3.634219409 2 
3.634219424 50 
3.634219434 13 
3.634219448 5 
3.634219465 4 
3.634219510 27 
3.634219511 10 
3.634219517 17 
3.634219529 36 
3.634219536 8 
3.634219542 39 
3.634219555 48 
3.634219559 52 
3.634219571 3 
3.634219605 40 
3.634219605 45 
3.634219605 29 
3.634219617 1 
3.634219653 19 
3.634219671 20 
3.634219673 42 
3.634219728 32 
3.634219757 38 
3.634219818 22 
3.637389858 44 
3.637389894 5 
3.637389939 17 
3.637389949 21 
3.637389953 21 
3.637389974 11 
3.637389985 18 
3.637389989 4 
3.637389995 18 
3.637389996 11 
3.637390000 7 
3.637390001 8 
3.637390012 44 
3.637390012 10 
3.637390025 7 
3.637390025 13 
3.637390038 5 
3.637390049 46 
3.637390058 46 
3.637390068 13 
3.637390073 20 
3.637390091 19 
3.637390116 10 
3.637390130 36 
3.637390133 8 
3.637390158 29 
3.637390159 2 
3.637390169 2 
3.637390174 50 
3.637390184 50 
3.637390192 15 
3.637390231 0 
3.637390234 51 
3.637390234 0 
3.637390235 29 
3.637390245 15 
3.637390257 17 
3.637390261 20 
3.637390262 4 
3.637390270 30 
3.637390272 30 
3.637390279 37 
3.637390311 51 
3.637390313 37 
3.637390318 14 
3.637390320 14 
3.637390347 40 
3.637390356 40 
3.637390365 38 
3.637390375 36 
3.637390394 1 
3.637390404 1 
3.637390409 19 
3.637390418 38 
3.637390445 3 
3.637390452 3 
3.637390516 39 
3.638237953 21 
3.638237995 18 
3.638237996 11 
3.638238012 44 
3.638238025 7 
3.638238038 5 
3.638238058 46 
3.638238068 13 
3.638238116 10 
3.638238133 8 
3.638238169 2 
3.638238184 50 
3.638238234 0 
3.638238235 29 
3.638238245 15 
3.638238257 17 
3.638238261 20 
3.638238262 4 
3.638238272 30 
3.638238311 51 
3.638238313 37 
3.638238320 14 
3.638238356 40 
3.638238375 36 
3.638238409 19 
3.638238418 38 
3.638238510 27 
3.638238542 23 
3.638238548 52 
3.638238553 48 
3.638238580 35 
3.638238596 45 
3.639546083 24 
3.639546107 47 
3.660419606 42 
3.660419620 32 
3.660419661 45 
3.660419690 52 
3.660419698 39 
3.660419997 14 
3.660420000 30 
3.660420041 3 
3.660420061 26 
3.660420075 0 
3.660420302 21 
3.660420303 2 
3.660420303 50 
3.660420304 46 
3.660420379 49 
3.660420382 18 
3.660420414 12 
3.660420572 6 
3.660420582 36 
3.660420605 4 
3.661267606 42 
3.661267620 32 
3.661267661 45 
3.661267690 52 
3.661267698 39 
3.661267997 14 
3.661268000 30 
3.661268041 3 
3.661268061 26 
3.661268075 0 
3.661721781 45 
3.661721805 52 
3.661721858 39 
3.661721881 48 
3.661721919 34 
3.661721933 47 
3.661721945 24 
3.661721991 27 
3.661722018 22 
3.661722021 31 
3.661722080 37 
3.661722156 30 
3.661722168 14 
3.661722186 15 
3.661722212 51 
3.661722231 26 
3.661722233 0 
3.661722286 3 
3.661722332 7 
3.661722349 11 
3.661722435 21 
3.661722453 46 
3.661722514 44 
3.662569781 45 
3.662569805 52 
3.662569858 39 
3.662569881 48 
3.662569919 34 
3.662569933 47 
3.662569945 24 
3.662569991 27 
3.662570018 22 
3.662570021 31 
3.662570080 37 
3.662570156 30 
3.662570168 14 
3.662570186 15 
3.662570212 51 
3.662570231 26 
3.662570233 0 
3.662570286 3 
3.662570332 7 
3.662570349 11 
3.662570435 21 
3.662570453 46 
5.424609149 1 I
5.425463032 2 
5.426310582 10 
5.426310623 2 
5.426310626 5 
5.426310639 50 
5.426310686 14 
5.426310711 8 
5.426310716 6 
5.426310742 11 
5.426310767 21 
5.426310769 20 
5.426310807 30 
5.426310810 18 
5.426310825 40 
5.426310849 29 
5.426310856 1 
5.426310894 7 
5.426310909 3 
5.426310920 15 
5.426310930 17 
5.426310934 44 
5.426310967 38 
5.426311025 27 
5.426311029 16 
5.426311045 4 
5.426311047 37 
5.426311050 26 
5.426311093 28 
5.426311110 51 
5.426311113 39 
5.426311119 53 
5.426311145 22 
5.426311156 19 
5.426311159 9 
5.426311178 35 
5.426311210 52 
5.426311220 41 
5.426311232 23 
5.426311248 48 
5.426311261 45 
5.426311306 36 
5.426311309 43 
5.426311323 42 
5.426311336 32 
5.428861832 21 
5.428861879 18 
5.428861881 5 
5.428861889 15 
5.428861903 6 
5.428861961 8 
5.428861971 10 
5.428861981 27 
5.428862004 46 
5.428862017 37 
5.428862018 51 
5.428862031 13 
5.428862082 12 
5.428862100 20 
5.428862239 29 
5.428862262 48 
5.428862288 52 
5.428862326 40 
5.428862329 45 
5.428862352 1 
5.428862396 42 
5.428862424 38 
5.428862467 32 
5.428862475 22 
5.428862528 16 
5.428862594 28 
5.428862611 53 
5.428862649 31 
5.428862677 34 
5.429709832 21 
5.429709879 18 
5.429709881 5 
5.429709889 15 
5.429709903 6 
5.429709961 8 
5.429709971 10 
5.429709981 27 
5.429710004 46 
5.429710017 37 
5.429710018 51 
5.429710031 13 
5.429710082 12 
5.429710100 20 
5.429710239 29 
5.429710262 48 
5.429710288 52 
5.429710326 40 
5.429710329 45 
5.429710352 1 
5.429710396 42 
5.432687107 46 
5.432687126 2 
5.432687129 50 
5.432687136 1 
5.432687168 10 
5.432687205 53 
5.432687220 8 
5.432687298 13 
5.432687336 12 
5.433534203 34 
5.433534279 32 
5.433534298 42 
5.433534366 45 
5.433534413 52 
5.433534428 48 
5.433534431 31 
5.433534504 39 
5.433534661 22 
5.433534672 37 
5.433534705 26 
5.433534708 27 
5.433534767 51 
5.433949238 18 
5.433949320 6 
5.433949333 15 
5.433949371 21 
5.433949384 8 
5.433949399 5 
5.433949423 12 
5.433949451 13 
5.433949486 10 
5.433949522 46 
5.433949536 51 
5.433949551 27 
5.433949586 20 
5.433949587 37 
5.433949642 2 
5.433949658 50 
5.433949751 29 
5.433949834 48 
5.433949844 40 
5.433949854 52 
5.433949896 45 
5.433949936 38 
5.433949964 42 
5.433950029 32 
5.433950044 16 
5.433950111 28 
5.433950132 53 
5.433950229 41 
5.433950239 34 
5.433950410 49 
5.434797238 18 
5.434797320 6 
5.434797333 15 
5.434797371 21 
5.434797384 8 
5.434797399 5 
5.434797423 12 
5.434797451 13 
5.434797486 10 
5.434797522 46 
5.434797536 51 
5.434797551 27 
5.434797586 20 
5.434797587 37 
5.434797642 2 
5.434797658 50 
5.434797751 29 
5.434797834 48 
5.434797844 40 
5.434797854 52 
5.434797896 45 
5.434797936 38 
5.438026745 46 
5.438026774 5 
5.438026805 8 
5.438026833 13 
5.438026834 6 
5.438026843 2 
5.438026858 50 
5.438026909 12 
5.438026922 14 
5.438026958 18 
5.438026958 11 
5.438026976 0 
5.438027025 7 
5.438027029 17 
5.438027035 40 
5.438027043 30 
5.438027067 44 
5.438027078 1 
5.438027137 38 
5.438027150 3 
5.438027196 4 
5.438027228 16 
5.438027251 19 
5.438027264 9 
5.438027289 26 
5.438027298 28 
5.438027341 53 
5.438027341 35 
5.438027344 39 
5.438027385 22 
5.438027400 23 
5.438027430 52 
5.438027437 36 
5.438027460 48 
5.438027468 43 
5.438027481 45 
5.438027545 42 
5.438027565 32 
5.438874745 46 
5.438874774 5 
5.438874805 8 
5.438874833 13 
5.438874834 6 
5.438874843 2 
5.438874858 50 
5.438874909 12 
5.438874922 14 
5.438874958 18 
5.438874958 11 
5.438874976 0 
5.438875025 7 
5.438875029 17 
5.438875035 40 
5.438875043 30 
5.438875067 44 
5.438875078 1 
5.438875137 38 
5.438875150 3 
5.438875196 4 
5.438875228 16 
5.438875251 19 
5.438875264 9 
5.438875289 26 
5.438875298 28 
5.438875341 53 
5.438875344 39 
5.438875385 22 
5.438875411 41 
5.438875430 52 
5.438875437 36 
5.438875460 48 
5.438875481 45 
5.439349619 41 
5.439349648 35 
5.439349671 38 
5.439349714 16 
5.439349717 43 
5.439349750 28 
5.439349854 33 
5.439349882 40 
5.439349931 53 
5.439349931 1 
5.439350162 3 
5.439350234 0 
5.439350239 14 
5.439350306 30 
5.439350329 11 
5.439350363 26 
5.439350389 21 
5.439350421 18 
5.439350478 7 
5.439350522 44 
5.439350546 15 
5.439350571 19 
5.439350646 9 
5.439350659 4 
5.440197619 41 
5.440197648 35 
5.440197671 38 
5.440197714 16 
5.440197717 43 
5.440197750 28 
5.440197854 33 
5.440197882 40 
5.440197931 53 
5.440197931 1 
5.440198162 3 
5.440632363 10 
5.440632385 5 
5.440632431 46 
5.440632431 20 
5.440632451 18 
5.440632453 13 
5.440632454 10 
5.440632473 12 
5.440632481 7 
5.440632494 21 
5.440632499 46 
5.440632506 21 
5.440632513 17 
5.440632525 44 
5.440632538 2 
5.440632553 50 
5.440632572 20 
5.440632575 14 
5.440632577 11 
5.440632584 11 
5.440632593 29 
5.440632602 14 
5.440632604 15 
5.440632618 2 
5.440632634 50 
5.440632638 0 
5.440632668 0 
5.440632677 4 
5.440632693 30 
5.440632712 30 
5.440632728 29 
5.440632731 9 
5.440632742 19 
5.440632780 27 
5.440632811 37 
5.440632820 51 
5.440632835 3 
5.440632883 3 
5.440632891 36 
5.440632937 35 
5.440632957 26 
5.440632976 39 
5.440632984 26 
5.440632997 22 
5.440633048 37 
5.440633052 43 
5.440633062 32 
5.440633063 39 
5.440633073 35 
5.440633080 26 
5.440633081 39 
5.440633084 27 
5.440633147 51 
5.440633191 43 
5.440633258 47 
5.440633280 3 
5.440633297 30 
5.440633302 15 
5.440633307 30 
5.440633309 11 
5.440633311 24 
5.440633312 49 
5.440633347 26 
5.440633370 0 
5.440633371 0 
5.440633377 4 
5.440633428 11 
5.440633485 3 
5.440633574 25 
5.440633630 36 
5.440633844 49 
5.440634028 36 
5.441480385 5 
5.441480451 18 
5.441480453 13 
5.441480454 10 
5.441480473 12 
5.441480481 7 
5.441480499 46 
5.441480506 21 
5.441480513 17 
5.441480525 44 
5.441480572 20 
5.441480602 14 
5.441480618 2 
5.441480634 50 
5.441480728 29 
5.441480731 9 
5.441480742 19 
5.441480902 45 
5.441480908 52 
5.441480939 34 
5.441480952 42 
5.441480997 22 
5.441481048 37 
5.441481062 32 
5.441481073 35 
5.441481081 39 
5.441481084 27 
5.441481147 51 
5.441481258 47 
5.441481302 15 
5.441481307 30 
5.441481311 24 
5.441481347 26 
5.441481371 0 
5.441481377 4 
5.441481428 11 
5.441481485 3 
5.444691919 42 
5.444691946 48 
5.444691973 32 
5.444692064 37 
5.444692101 27 
5.444692185 34 
5.444692196 51 
5.444692220 30 
5.444692230 47 
5.444692232 31 
5.444692234 26 
5.444692246 22 
5.444692261 11 
5.444692291 24 
5.444692298 0 
5.444692313 15 
5.444692317 14 
5.444692319 21 
5.444692384 3 
5.444692410 4 
5.444692593 1 
5.444692638 40 
5.444692724 49 
5.444692732 53 
5.445539919 42 
5.445539946 48 
5.445539973 32 
5.445540064 37 
5.445540101 27 
5.445540185 34 
5.445540196 51 
5.445540220 30 
5.445540230 47 
5.445540232 31 
5.445540234 26 
5.445540246 22 
5.445540261 11 
5.445540291 24 
5.445540298 0 
5.445540313 15 
5.445540317 14 
5.445540319 21 
5.445540384 3 
5.445540410 4 
5.445540593 1 
5.446953566 22 
5.446953575 26 
5.446953604 30 
5.446953653 11 
5.446953682 0 
5.446953706 14 
5.446953712 15 
5.446953712 21 
5.446953855 4 
5.446953864 5 
5.446953885 46 
5.446953917 2 
5.446953917 6 
5.446953922 50 
5.446953942 10 
5.446953986 8 
5.446954067 13 
5.446954142 20 
5.447801566 22 
5.447801575 26 
5.447801604 30 
5.447801653 11 
5.447801682 0 
5.447801706 14 
5.447801712 21 
5.447801819 18 
5.447801864 5 
5.447801885 46 
5.447801888 44 
5.447801898 7 
5.448235941 39 
5.448236093 34 
5.448236167 31 
5.448236186 27 
5.448236209 30 
5.448236250 11 
5.448236254 47 
5.448236286 0 
5.448236305 21 
5.448236306 14 
5.448236313 15 
5.448236318 24 
5.448236322 51 
5.448236412 18 
5.448236455 4 
5.448236459 5 
5.448236483 46 
5.448236511 6 
5.448236520 2 
5.448236525 50 
5.448236538 10 
5.448236556 28 
5.448236576 16 
5.448236578 1 
5.448236580 8 
5.448236624 40 
5.448236718 53 
5.448236925 25 
5.448236966 50 
5.448236981 2 
5.448237096 46 
5.448237121 10 
5.448237129 49 
5.448237141 0 
5.448237162 14 
5.448237202 30 
5.448237217 5 
5.448237256 11 
5.448237287 6 
5.448237344 21 
5.448237407 18 
5.448237481 7 
5.448237510 15 
5.448237521 44 
5.448237670 51 
5.449083941 39 
5.449084093 34 
5.449084167 31 
5.449084186 27 
5.449084254 47 
5.449084318 24 
5.449084556 28 
5.449084576 16 
5.449084597 23 
5.449084647 33 
5.449084718 53 
5.449084728 38 
5.449084791 40 
5.449084809 1 
5.449084827 35 
5.449084914 43 
5.449084940 29 
5.449084966 50 
5.449084981 2 
5.449085022 25 
5.449085096 46 
5.449085097 20 
5.449085121 10 
5.449085129 49 
5.449085141 0 
5.449085162 14 
5.449085202 30 
5.449085207 13 
5.452335609 39 
5.452335615 30 
5.452335658 0 
5.452335720 14 
5.452335757 11 
5.452335786 32 
5.452335787 52 
5.452335798 1 
5.452335823 45 
5.452335838 50 
5.452335842 2 
5.452335847 40 
5.452335851 42 
5.452335883 46 
5.452335887 34 
5.452335942 5 
5.452335958 10 
5.452336029 18 
5.452336029 16 
5.452336036 6 
5.452336064 28 
5.452336068 8 
5.452336078 47 
5.452336123 13 
5.452336136 7 
5.452336137 20 
5.452336143 24 
5.452336191 12 
5.452336226 41 
5.452336257 17 
5.452336315 25 
5.452336440 9 
5.452336463 36 
5.452336483 19 
5.453183609 39 
5.453183615 30 
5.453183658 0 
5.453183720 14 
5.453183757 11 
5.453183786 32 
5.453183787 52 
5.453183798 1 
5.453183823 45 
5.453183838 50 
5.453183842 2 
5.453183847 40 
5.453183851 42 
5.453183883 46 
5.453183887 34 
5.453183942 5 
5.453183958 10 
5.453184029 18 
5.453184036 6 
5.453184068 8 
5.453184078 47 
5.453184123 13 
5.453184136 38 
5.453184136 7 
5.453184137 20 
5.453184143 24 
5.453184150 29 
5.453618266 13 
5.453618277 13 
5.453618312 29 
5.453618315 8 
5.453618337 10 
5.453618341 8 
5.453618357 17 
5.453618373 6 
5.453618401 46 
5.453618417 6 
5.453618424 5 
5.453618435 10 
5.453618438 2 
5.453618446 5 
5.453618447 50 
5.453618484 7 
5.453618497 18 
5.453618498 17 
5.453618508 46 
5.453618520 38 
5.453618524 44 
5.453618547 19 
5.453618561 29 
5.453618566 40 
5.453618567 18 
5.453618579 21 
5.453618593 7 
5.453618595 9 
5.453618595 21 
5.453618600 2 
5.453618614 50 
5.453618633 1 
5.453618635 44 
5.453618652 15 
5.453618675 19 
5.453618693 4 
5.453618703 16 
5.453618718 15 
5.453618735 9 
5.453618769 38 
5.453618773 40 
5.453618784 23 
5.453618785 28 
5.453618793 4 
5.453618828 1 
5.453618844 27 
5.453618855 41 
5.453618867 51 
5.453618876 27 
5.453618877 37 
5.453618878 53 
5.453618887 35 
5.453618904 37 
5.453618929 51 
5.453618938 16 
5.453618977 36 
5.453618988 43 
5.453619016 28 
5.453619033 23 
5.453619087 53 
5.453619099 41 
5.453619117 48 
5.453619159 45 
5.453619213 42 
5.453619267 32 
5.453619271 49 
5.453619293 31 
5.453619412 34 
5.454466277 13 
5.454466341 8 
5.454466417 6 
5.454466435 10 
5.454466446 5 
5.454466498 17 
5.454466508 46 
5.454466561 29 
5.454466567 18 
5.454466593 7 
5.454466595 21 
5.454466600 2 
5.454466614 50 
5.454466635 44 
5.454466675 19 
5.454466718 15 
5.454466735 9 
5.454466769 38 
5.454466773 40 
5.454466793 4 
5.454466828 1 
5.454466876 27 
5.454466887 35 
5.454466904 37 
5.454466929 51 
5.454466938 16 
5.454466988 43 
5.454467016 28 
5.460079210 3 
5.460079235 22 
5.460079259 26 
5.460079299 1 
5.460079365 40 
5.460079444 0 
5.460079457 30 
5.460079499 14 
5.460079582 11 
5.460079942 51 
5.460927210 3 
5.460927235 22 
5.460927259 26 
9.072164173 13 
9.072164173 13 
9.072164173 13 
9.072164173 13 
9.072164173 13 
9.927072016 21 
9.927072033 38 
9.927072043 17 
9.927072138 41 
9.927072167 19 
9.927072194 29 
9.927072280 25 
9.927072340 33 
9.927072367 6 
9.927072810 49 
9.927072860 44 
9.927072930 14 
9.927073031 37 
9.927920016 21 
9.927920033 38 
9.927920043 17 
9.927920138 41 
9.927920167 19 
9.927920194 29 
9.927920280 25 
9.927920340 33 
9.927920367 6 
9.929272765 1 
9.929272805 25 
9.929272808 40 
9.929272865 10 
9.929272885 33 
9.929272970 21 
9.929272977 50 
9.929272988 38 
9.929272992 2 
9.929273014 17 
9.929273084 9 
9.929273084 49 
9.929273096 0 
9.929273109 46 
9.929273113 11 
9.929273115 26 
9.929273135 29 
9.929273158 30 
9.929273194 35 
9.929273195 19 
9.929273205 6 
9.929273233 14 
9.929273262 5 
9.929273312 43 
9.929273333 8 
9.929273397 39 
9.929273479 31 
9.930120569 25 
9.930120602 33 
9.930120653 21 
9.930120684 38 
9.930120695 17 
9.930120747 40 
9.930120765 1 
9.930120782 35 
9.930120865 10 
9.930120870 43 
9.930120895 19 
9.930120895 29 
9.930120922 50 
9.930120937 2 
9.930120984 11 
9.930120985 26 
9.930121036 6 
9.930121052 46 
9.930121084 9 
9.930121084 49 
9.930121096 0 
9.930121158 30 
9.937952399 22 
9.937952458 48 
9.937952459 15 
9.937952488 52 
9.937952525 45 
9.937952591 42 
9.937952671 32 
9.937952843 36 
9.937952884 34 
9.937952898 31 
9.937952912 47 
9.942445066 14 
9.942445205 49 
9.942530115 19 
9.942530150 6 
9.942530191 17 
9.942530191 38 
9.942530224 21 
9.942530292 50 
9.942530292 2 
9.942530322 46 
9.942530329 40 
9.942530333 35 
9.942530407 1 
9.942530422 13 
9.942530430 10 
9.942530460 43 
9.942530467 9 
9.942530470 16 
9.942530470 28 
9.942530525 0 
9.942530537 41 
9.942530573 5 
9.942530599 3 
9.942530603 30 
9.942530617 53 
9.942530643 44 
9.942530717 23 
9.942530749 25 
9.942530822 7 
9.942530863 37 
9.942530885 4 
9.942530885 8 
9.942530896 20 
9.942530910 51 
9.942530913 39 
9.942530971 18 
9.942530972 12 
9.942530972 27 
9.943378115 19 
9.943378150 6 
9.943378191 17 
9.943378191 38 
9.943378224 21 
9.943378292 50 
9.943378292 2 
9.943378322 46 
9.943378329 40 
9.943378333 35 
9.943378407 1 
9.943378422 13 
9.943378430 10 
9.943378460 43 
9.943378467 9 
9.943378470 16 
9.943378470 28 
9.943378525 0 
9.943378537 41 
9.943378573 5 
9.943378599 3 
9.943378603 30 
9.943378617 53 
9.943378643 44 
9.943378717 23 
9.943378749 25 
9.943378800 33 
9.943813067 37 
9.943813195 53 
9.943813256 48 
9.943813275 5 
9.943813288 44 
9.943813318 52 
9.943813344 45 
9.943813383 21 
9.943813401 1 
9.943813405 42 
9.943813407 39 
9.943813413 40 
9.943813414 23 
9.943813414 38 
9.943813424 17 
9.943813452 49 
9.943813502 32 
9.943813524 35 
9.943813553 13 
9.943813610 28 
9.943813610 16 
9.943813623 29 
9.943813625 19 
9.943813644 11 
9.943813645 26 
9.943813660 43 
9.943813675 14 
9.943813685 6 
9.943813689 11 
9.943813691 26 
9.943813712 34 
9.943813747 31 
9.943813753 6 
9.943813780 1 
9.943813789 40 
9.943813843 29 
9.943813850 23 
9.943813958 19 
9.943813981 38 
9.943814000 17 
9.943814186 34 
9.944661067 37 
9.944661195 53 
9.944661256 48 
9.944661275 5 
9.944661288 44 
9.944661318 52 
9.944661344 45 
9.944661383 21 
9.944661405 42 
9.944661407 39 
9.944661452 49 
9.944661502 32 
9.944661706 47 
9.949478480 11 
9.949478482 26 
9.949478508 10 
9.949478548 6 
9.949478601 1 
9.949478604 40 
9.949478684 29 
9.949478733 23 
9.949478839 53 
9.949478893 14 
9.952288126 24 
9.955230053 37 
9.955230117 5 
9.955230180 48 
9.955230252 52 
9.955230275 45 
9.955230331 42 
9.955230343 39 
9.955230404 8 
9.955230434 32 
9.955230684 31 
9.956078053 37 
9.956078117 5 
9.956078180 48 
9.956078252 52 
9.956078275 45 
9.956078331 42 
9.956078343 39 
9.956078404 8 
20.000000000 5 
20.000000000 53
